echo 1
./xmigration 0.05 0.0 0.05 0.0 0.05 1.0 0.011111111111111112 1 0.5 0.1 1 0.01 0.01 0.01 0.01 1.0 0.1 0 0.05 0.5 90 
echo 2
./xmigration 0.05 0.0 0.05 0.0 0.05 1.0 0.011111111111111112 1 0.5 0.5 1 0.01 0.01 0.01 0.01 1.0 0.1 0 0.05 0.5 90 
echo 3
./xmigration 0.05 0.0 0.05 0.0 0.05 0.5 0.011111111111111112 1 0.5 0.1 1 0.01 0.01 0.01 0.01 1.0 0.1 0 0.05 0.5 90 
echo 4
./xmigration 0.05 0.0 0.05 0.0 0.05 0.5 0.011111111111111112 1 0.5 0.5 1 0.01 0.01 0.01 0.01 1.0 0.1 0 0.05 0.5 90 
echo 5
./xmigration 0.05 0.0 0.05 0.0 0.1 1.0 0.011111111111111112 1 0.5 0.1 1 0.01 0.01 0.01 0.01 1.0 0.1 0 0.05 0.5 90 
echo 6
./xmigration 0.05 0.0 0.05 0.0 0.1 1.0 0.011111111111111112 1 0.5 0.5 1 0.01 0.01 0.01 0.01 1.0 0.1 0 0.05 0.5 90 
echo 7
./xmigration 0.05 0.0 0.05 0.0 0.1 0.5 0.011111111111111112 1 0.5 0.1 1 0.01 0.01 0.01 0.01 1.0 0.1 0 0.05 0.5 90 
echo 8
./xmigration 0.05 0.0 0.05 0.0 0.1 0.5 0.011111111111111112 1 0.5 0.5 1 0.01 0.01 0.01 0.01 1.0 0.1 0 0.05 0.5 90 
echo 9
./xmigration 0.05 0.0 0.05 0.0 0.2 1.0 0.011111111111111112 1 0.5 0.1 1 0.01 0.01 0.01 0.01 1.0 0.1 0 0.05 0.5 90 
echo 10
./xmigration 0.05 0.0 0.05 0.0 0.2 1.0 0.011111111111111112 1 0.5 0.5 1 0.01 0.01 0.01 0.01 1.0 0.1 0 0.05 0.5 90 
echo 11
./xmigration 0.05 0.0 0.05 0.0 0.2 0.5 0.011111111111111112 1 0.5 0.1 1 0.01 0.01 0.01 0.01 1.0 0.1 0 0.05 0.5 90 
echo 12
./xmigration 0.05 0.0 0.05 0.0 0.2 0.5 0.011111111111111112 1 0.5 0.5 1 0.01 0.01 0.01 0.01 1.0 0.1 0 0.05 0.5 90 
