echo 1
./xmigration 0.05 0.0 0.05 0.0 0.05 1.0 300 1 0.5 0.1 1 0.01 0.01 0.01 0.01 1.0 0.1 0.25 0.5 1000 
echo 2
./xmigration 0.05 0.0 0.05 0.0 0.05 1.0 300 1 0.5 0.1 1 0.01 0.01 0.01 0.01 1.0 0.1 0.25 1 1000 
echo 3
./xmigration 0.05 0.0 0.05 0.0 0.05 1.0 300 1 0.5 0.1 1 0.01 0.01 0.01 0.01 1.0 0.1 0.25 2 1000 
echo 4
./xmigration 0.05 0.0 0.05 0.0 0.05 1.0 300 1 0.5 0.1 1 0.01 0.01 0.01 0.01 1.0 0.1 0.5 0.5 1000 
echo 5
./xmigration 0.05 0.0 0.05 0.0 0.05 1.0 300 1 0.5 0.1 1 0.01 0.01 0.01 0.01 1.0 0.1 0.5 1 1000 
echo 6
./xmigration 0.05 0.0 0.05 0.0 0.05 1.0 300 1 0.5 0.1 1 0.01 0.01 0.01 0.01 1.0 0.1 0.5 2 1000 
echo 7
./xmigration 0.05 0.0 0.05 0.0 0.05 1.0 300 1 0.5 0.1 1 0.01 0.01 0.01 0.01 1.0 0.1 1.0 0.5 1000 
echo 8
./xmigration 0.05 0.0 0.05 0.0 0.05 1.0 300 1 0.5 0.1 1 0.01 0.01 0.01 0.01 1.0 0.1 1.0 1 1000 
echo 9
./xmigration 0.05 0.0 0.05 0.0 0.05 1.0 300 1 0.5 0.1 1 0.01 0.01 0.01 0.01 1.0 0.1 1.0 2 1000 
echo 10
./xmigration 0.05 0.0 0.05 0.0 0.05 1.0 300 1 0.5 0.1 1 0.01 0.01 0.01 0.01 1.0 0.1 2.0 0.5 1000 
echo 11
./xmigration 0.05 0.0 0.05 0.0 0.05 1.0 300 1 0.5 0.1 1 0.01 0.01 0.01 0.01 1.0 0.1 2.0 1 1000 
echo 12
./xmigration 0.05 0.0 0.05 0.0 0.05 1.0 300 1 0.5 0.1 1 0.01 0.01 0.01 0.01 1.0 0.1 2.0 2 1000 
echo 13
./xmigration 0.05 0.0 0.05 0.0 0.05 1.0 300 1 0.5 0.5 1 0.01 0.01 0.01 0.01 1.0 0.1 0.25 0.5 1000 
echo 14
./xmigration 0.05 0.0 0.05 0.0 0.05 1.0 300 1 0.5 0.5 1 0.01 0.01 0.01 0.01 1.0 0.1 0.25 1 1000 
echo 15
./xmigration 0.05 0.0 0.05 0.0 0.05 1.0 300 1 0.5 0.5 1 0.01 0.01 0.01 0.01 1.0 0.1 0.25 2 1000 
echo 16
./xmigration 0.05 0.0 0.05 0.0 0.05 1.0 300 1 0.5 0.5 1 0.01 0.01 0.01 0.01 1.0 0.1 0.5 0.5 1000 
echo 17
./xmigration 0.05 0.0 0.05 0.0 0.05 1.0 300 1 0.5 0.5 1 0.01 0.01 0.01 0.01 1.0 0.1 0.5 1 1000 
echo 18
./xmigration 0.05 0.0 0.05 0.0 0.05 1.0 300 1 0.5 0.5 1 0.01 0.01 0.01 0.01 1.0 0.1 0.5 2 1000 
echo 19
./xmigration 0.05 0.0 0.05 0.0 0.05 1.0 300 1 0.5 0.5 1 0.01 0.01 0.01 0.01 1.0 0.1 1.0 0.5 1000 
echo 20
./xmigration 0.05 0.0 0.05 0.0 0.05 1.0 300 1 0.5 0.5 1 0.01 0.01 0.01 0.01 1.0 0.1 1.0 1 1000 
echo 21
./xmigration 0.05 0.0 0.05 0.0 0.05 1.0 300 1 0.5 0.5 1 0.01 0.01 0.01 0.01 1.0 0.1 1.0 2 1000 
echo 22
./xmigration 0.05 0.0 0.05 0.0 0.05 1.0 300 1 0.5 0.5 1 0.01 0.01 0.01 0.01 1.0 0.1 2.0 0.5 1000 
echo 23
./xmigration 0.05 0.0 0.05 0.0 0.05 1.0 300 1 0.5 0.5 1 0.01 0.01 0.01 0.01 1.0 0.1 2.0 1 1000 
echo 24
./xmigration 0.05 0.0 0.05 0.0 0.05 1.0 300 1 0.5 0.5 1 0.01 0.01 0.01 0.01 1.0 0.1 2.0 2 1000 
echo 25
./xmigration 0.05 0.0 0.05 0.0 0.05 0.5 300 1 0.5 0.1 1 0.01 0.01 0.01 0.01 1.0 0.1 0.25 0.5 1000 
echo 26
./xmigration 0.05 0.0 0.05 0.0 0.05 0.5 300 1 0.5 0.1 1 0.01 0.01 0.01 0.01 1.0 0.1 0.25 1 1000 
echo 27
./xmigration 0.05 0.0 0.05 0.0 0.05 0.5 300 1 0.5 0.1 1 0.01 0.01 0.01 0.01 1.0 0.1 0.25 2 1000 
echo 28
./xmigration 0.05 0.0 0.05 0.0 0.05 0.5 300 1 0.5 0.1 1 0.01 0.01 0.01 0.01 1.0 0.1 0.5 0.5 1000 
echo 29
./xmigration 0.05 0.0 0.05 0.0 0.05 0.5 300 1 0.5 0.1 1 0.01 0.01 0.01 0.01 1.0 0.1 0.5 1 1000 
echo 30
./xmigration 0.05 0.0 0.05 0.0 0.05 0.5 300 1 0.5 0.1 1 0.01 0.01 0.01 0.01 1.0 0.1 0.5 2 1000 
echo 31
./xmigration 0.05 0.0 0.05 0.0 0.05 0.5 300 1 0.5 0.1 1 0.01 0.01 0.01 0.01 1.0 0.1 1.0 0.5 1000 
echo 32
./xmigration 0.05 0.0 0.05 0.0 0.05 0.5 300 1 0.5 0.1 1 0.01 0.01 0.01 0.01 1.0 0.1 1.0 1 1000 
echo 33
./xmigration 0.05 0.0 0.05 0.0 0.05 0.5 300 1 0.5 0.1 1 0.01 0.01 0.01 0.01 1.0 0.1 1.0 2 1000 
echo 34
./xmigration 0.05 0.0 0.05 0.0 0.05 0.5 300 1 0.5 0.1 1 0.01 0.01 0.01 0.01 1.0 0.1 2.0 0.5 1000 
echo 35
./xmigration 0.05 0.0 0.05 0.0 0.05 0.5 300 1 0.5 0.1 1 0.01 0.01 0.01 0.01 1.0 0.1 2.0 1 1000 
echo 36
./xmigration 0.05 0.0 0.05 0.0 0.05 0.5 300 1 0.5 0.1 1 0.01 0.01 0.01 0.01 1.0 0.1 2.0 2 1000 
echo 37
./xmigration 0.05 0.0 0.05 0.0 0.05 0.5 300 1 0.5 0.5 1 0.01 0.01 0.01 0.01 1.0 0.1 0.25 0.5 1000 
echo 38
./xmigration 0.05 0.0 0.05 0.0 0.05 0.5 300 1 0.5 0.5 1 0.01 0.01 0.01 0.01 1.0 0.1 0.25 1 1000 
echo 39
./xmigration 0.05 0.0 0.05 0.0 0.05 0.5 300 1 0.5 0.5 1 0.01 0.01 0.01 0.01 1.0 0.1 0.25 2 1000 
echo 40
./xmigration 0.05 0.0 0.05 0.0 0.05 0.5 300 1 0.5 0.5 1 0.01 0.01 0.01 0.01 1.0 0.1 0.5 0.5 1000 
echo 41
./xmigration 0.05 0.0 0.05 0.0 0.05 0.5 300 1 0.5 0.5 1 0.01 0.01 0.01 0.01 1.0 0.1 0.5 1 1000 
echo 42
./xmigration 0.05 0.0 0.05 0.0 0.05 0.5 300 1 0.5 0.5 1 0.01 0.01 0.01 0.01 1.0 0.1 0.5 2 1000 
echo 43
./xmigration 0.05 0.0 0.05 0.0 0.05 0.5 300 1 0.5 0.5 1 0.01 0.01 0.01 0.01 1.0 0.1 1.0 0.5 1000 
echo 44
./xmigration 0.05 0.0 0.05 0.0 0.05 0.5 300 1 0.5 0.5 1 0.01 0.01 0.01 0.01 1.0 0.1 1.0 1 1000 
echo 45
./xmigration 0.05 0.0 0.05 0.0 0.05 0.5 300 1 0.5 0.5 1 0.01 0.01 0.01 0.01 1.0 0.1 1.0 2 1000 
echo 46
./xmigration 0.05 0.0 0.05 0.0 0.05 0.5 300 1 0.5 0.5 1 0.01 0.01 0.01 0.01 1.0 0.1 2.0 0.5 1000 
echo 47
./xmigration 0.05 0.0 0.05 0.0 0.05 0.5 300 1 0.5 0.5 1 0.01 0.01 0.01 0.01 1.0 0.1 2.0 1 1000 
echo 48
./xmigration 0.05 0.0 0.05 0.0 0.05 0.5 300 1 0.5 0.5 1 0.01 0.01 0.01 0.01 1.0 0.1 2.0 2 1000 
echo 49
./xmigration 0.05 0.0 0.05 0.0 0.1 1.0 300 1 0.5 0.1 1 0.01 0.01 0.01 0.01 1.0 0.1 0.25 0.5 1000 
echo 50
./xmigration 0.05 0.0 0.05 0.0 0.1 1.0 300 1 0.5 0.1 1 0.01 0.01 0.01 0.01 1.0 0.1 0.25 1 1000 
echo 51
./xmigration 0.05 0.0 0.05 0.0 0.1 1.0 300 1 0.5 0.1 1 0.01 0.01 0.01 0.01 1.0 0.1 0.25 2 1000 
echo 52
./xmigration 0.05 0.0 0.05 0.0 0.1 1.0 300 1 0.5 0.1 1 0.01 0.01 0.01 0.01 1.0 0.1 0.5 0.5 1000 
echo 53
./xmigration 0.05 0.0 0.05 0.0 0.1 1.0 300 1 0.5 0.1 1 0.01 0.01 0.01 0.01 1.0 0.1 0.5 1 1000 
echo 54
./xmigration 0.05 0.0 0.05 0.0 0.1 1.0 300 1 0.5 0.1 1 0.01 0.01 0.01 0.01 1.0 0.1 0.5 2 1000 
echo 55
./xmigration 0.05 0.0 0.05 0.0 0.1 1.0 300 1 0.5 0.1 1 0.01 0.01 0.01 0.01 1.0 0.1 1.0 0.5 1000 
echo 56
./xmigration 0.05 0.0 0.05 0.0 0.1 1.0 300 1 0.5 0.1 1 0.01 0.01 0.01 0.01 1.0 0.1 1.0 1 1000 
echo 57
./xmigration 0.05 0.0 0.05 0.0 0.1 1.0 300 1 0.5 0.1 1 0.01 0.01 0.01 0.01 1.0 0.1 1.0 2 1000 
echo 58
./xmigration 0.05 0.0 0.05 0.0 0.1 1.0 300 1 0.5 0.1 1 0.01 0.01 0.01 0.01 1.0 0.1 2.0 0.5 1000 
echo 59
./xmigration 0.05 0.0 0.05 0.0 0.1 1.0 300 1 0.5 0.1 1 0.01 0.01 0.01 0.01 1.0 0.1 2.0 1 1000 
echo 60
./xmigration 0.05 0.0 0.05 0.0 0.1 1.0 300 1 0.5 0.1 1 0.01 0.01 0.01 0.01 1.0 0.1 2.0 2 1000 
echo 61
./xmigration 0.05 0.0 0.05 0.0 0.1 1.0 300 1 0.5 0.5 1 0.01 0.01 0.01 0.01 1.0 0.1 0.25 0.5 1000 
echo 62
./xmigration 0.05 0.0 0.05 0.0 0.1 1.0 300 1 0.5 0.5 1 0.01 0.01 0.01 0.01 1.0 0.1 0.25 1 1000 
echo 63
./xmigration 0.05 0.0 0.05 0.0 0.1 1.0 300 1 0.5 0.5 1 0.01 0.01 0.01 0.01 1.0 0.1 0.25 2 1000 
echo 64
./xmigration 0.05 0.0 0.05 0.0 0.1 1.0 300 1 0.5 0.5 1 0.01 0.01 0.01 0.01 1.0 0.1 0.5 0.5 1000 
echo 65
./xmigration 0.05 0.0 0.05 0.0 0.1 1.0 300 1 0.5 0.5 1 0.01 0.01 0.01 0.01 1.0 0.1 0.5 1 1000 
echo 66
./xmigration 0.05 0.0 0.05 0.0 0.1 1.0 300 1 0.5 0.5 1 0.01 0.01 0.01 0.01 1.0 0.1 0.5 2 1000 
echo 67
./xmigration 0.05 0.0 0.05 0.0 0.1 1.0 300 1 0.5 0.5 1 0.01 0.01 0.01 0.01 1.0 0.1 1.0 0.5 1000 
echo 68
./xmigration 0.05 0.0 0.05 0.0 0.1 1.0 300 1 0.5 0.5 1 0.01 0.01 0.01 0.01 1.0 0.1 1.0 1 1000 
echo 69
./xmigration 0.05 0.0 0.05 0.0 0.1 1.0 300 1 0.5 0.5 1 0.01 0.01 0.01 0.01 1.0 0.1 1.0 2 1000 
echo 70
./xmigration 0.05 0.0 0.05 0.0 0.1 1.0 300 1 0.5 0.5 1 0.01 0.01 0.01 0.01 1.0 0.1 2.0 0.5 1000 
echo 71
./xmigration 0.05 0.0 0.05 0.0 0.1 1.0 300 1 0.5 0.5 1 0.01 0.01 0.01 0.01 1.0 0.1 2.0 1 1000 
echo 72
./xmigration 0.05 0.0 0.05 0.0 0.1 1.0 300 1 0.5 0.5 1 0.01 0.01 0.01 0.01 1.0 0.1 2.0 2 1000 
echo 73
./xmigration 0.05 0.0 0.05 0.0 0.1 0.5 300 1 0.5 0.1 1 0.01 0.01 0.01 0.01 1.0 0.1 0.25 0.5 1000 
echo 74
./xmigration 0.05 0.0 0.05 0.0 0.1 0.5 300 1 0.5 0.1 1 0.01 0.01 0.01 0.01 1.0 0.1 0.25 1 1000 
echo 75
./xmigration 0.05 0.0 0.05 0.0 0.1 0.5 300 1 0.5 0.1 1 0.01 0.01 0.01 0.01 1.0 0.1 0.25 2 1000 
echo 76
./xmigration 0.05 0.0 0.05 0.0 0.1 0.5 300 1 0.5 0.1 1 0.01 0.01 0.01 0.01 1.0 0.1 0.5 0.5 1000 
echo 77
./xmigration 0.05 0.0 0.05 0.0 0.1 0.5 300 1 0.5 0.1 1 0.01 0.01 0.01 0.01 1.0 0.1 0.5 1 1000 
echo 78
./xmigration 0.05 0.0 0.05 0.0 0.1 0.5 300 1 0.5 0.1 1 0.01 0.01 0.01 0.01 1.0 0.1 0.5 2 1000 
echo 79
./xmigration 0.05 0.0 0.05 0.0 0.1 0.5 300 1 0.5 0.1 1 0.01 0.01 0.01 0.01 1.0 0.1 1.0 0.5 1000 
echo 80
./xmigration 0.05 0.0 0.05 0.0 0.1 0.5 300 1 0.5 0.1 1 0.01 0.01 0.01 0.01 1.0 0.1 1.0 1 1000 
echo 81
./xmigration 0.05 0.0 0.05 0.0 0.1 0.5 300 1 0.5 0.1 1 0.01 0.01 0.01 0.01 1.0 0.1 1.0 2 1000 
echo 82
./xmigration 0.05 0.0 0.05 0.0 0.1 0.5 300 1 0.5 0.1 1 0.01 0.01 0.01 0.01 1.0 0.1 2.0 0.5 1000 
echo 83
./xmigration 0.05 0.0 0.05 0.0 0.1 0.5 300 1 0.5 0.1 1 0.01 0.01 0.01 0.01 1.0 0.1 2.0 1 1000 
echo 84
./xmigration 0.05 0.0 0.05 0.0 0.1 0.5 300 1 0.5 0.1 1 0.01 0.01 0.01 0.01 1.0 0.1 2.0 2 1000 
echo 85
./xmigration 0.05 0.0 0.05 0.0 0.1 0.5 300 1 0.5 0.5 1 0.01 0.01 0.01 0.01 1.0 0.1 0.25 0.5 1000 
echo 86
./xmigration 0.05 0.0 0.05 0.0 0.1 0.5 300 1 0.5 0.5 1 0.01 0.01 0.01 0.01 1.0 0.1 0.25 1 1000 
echo 87
./xmigration 0.05 0.0 0.05 0.0 0.1 0.5 300 1 0.5 0.5 1 0.01 0.01 0.01 0.01 1.0 0.1 0.25 2 1000 
echo 88
./xmigration 0.05 0.0 0.05 0.0 0.1 0.5 300 1 0.5 0.5 1 0.01 0.01 0.01 0.01 1.0 0.1 0.5 0.5 1000 
echo 89
./xmigration 0.05 0.0 0.05 0.0 0.1 0.5 300 1 0.5 0.5 1 0.01 0.01 0.01 0.01 1.0 0.1 0.5 1 1000 
echo 90
./xmigration 0.05 0.0 0.05 0.0 0.1 0.5 300 1 0.5 0.5 1 0.01 0.01 0.01 0.01 1.0 0.1 0.5 2 1000 
echo 91
./xmigration 0.05 0.0 0.05 0.0 0.1 0.5 300 1 0.5 0.5 1 0.01 0.01 0.01 0.01 1.0 0.1 1.0 0.5 1000 
echo 92
./xmigration 0.05 0.0 0.05 0.0 0.1 0.5 300 1 0.5 0.5 1 0.01 0.01 0.01 0.01 1.0 0.1 1.0 1 1000 
echo 93
./xmigration 0.05 0.0 0.05 0.0 0.1 0.5 300 1 0.5 0.5 1 0.01 0.01 0.01 0.01 1.0 0.1 1.0 2 1000 
echo 94
./xmigration 0.05 0.0 0.05 0.0 0.1 0.5 300 1 0.5 0.5 1 0.01 0.01 0.01 0.01 1.0 0.1 2.0 0.5 1000 
echo 95
./xmigration 0.05 0.0 0.05 0.0 0.1 0.5 300 1 0.5 0.5 1 0.01 0.01 0.01 0.01 1.0 0.1 2.0 1 1000 
echo 96
./xmigration 0.05 0.0 0.05 0.0 0.1 0.5 300 1 0.5 0.5 1 0.01 0.01 0.01 0.01 1.0 0.1 2.0 2 1000 
echo 97
./xmigration 0.05 0.0 0.05 0.0 0.2 1.0 300 1 0.5 0.1 1 0.01 0.01 0.01 0.01 1.0 0.1 0.25 0.5 1000 
echo 98
./xmigration 0.05 0.0 0.05 0.0 0.2 1.0 300 1 0.5 0.1 1 0.01 0.01 0.01 0.01 1.0 0.1 0.25 1 1000 
echo 99
./xmigration 0.05 0.0 0.05 0.0 0.2 1.0 300 1 0.5 0.1 1 0.01 0.01 0.01 0.01 1.0 0.1 0.25 2 1000 
echo 100
./xmigration 0.05 0.0 0.05 0.0 0.2 1.0 300 1 0.5 0.1 1 0.01 0.01 0.01 0.01 1.0 0.1 0.5 0.5 1000 
echo 101
./xmigration 0.05 0.0 0.05 0.0 0.2 1.0 300 1 0.5 0.1 1 0.01 0.01 0.01 0.01 1.0 0.1 0.5 1 1000 
echo 102
./xmigration 0.05 0.0 0.05 0.0 0.2 1.0 300 1 0.5 0.1 1 0.01 0.01 0.01 0.01 1.0 0.1 0.5 2 1000 
echo 103
./xmigration 0.05 0.0 0.05 0.0 0.2 1.0 300 1 0.5 0.1 1 0.01 0.01 0.01 0.01 1.0 0.1 1.0 0.5 1000 
echo 104
./xmigration 0.05 0.0 0.05 0.0 0.2 1.0 300 1 0.5 0.1 1 0.01 0.01 0.01 0.01 1.0 0.1 1.0 1 1000 
echo 105
./xmigration 0.05 0.0 0.05 0.0 0.2 1.0 300 1 0.5 0.1 1 0.01 0.01 0.01 0.01 1.0 0.1 1.0 2 1000 
echo 106
./xmigration 0.05 0.0 0.05 0.0 0.2 1.0 300 1 0.5 0.1 1 0.01 0.01 0.01 0.01 1.0 0.1 2.0 0.5 1000 
echo 107
./xmigration 0.05 0.0 0.05 0.0 0.2 1.0 300 1 0.5 0.1 1 0.01 0.01 0.01 0.01 1.0 0.1 2.0 1 1000 
echo 108
./xmigration 0.05 0.0 0.05 0.0 0.2 1.0 300 1 0.5 0.1 1 0.01 0.01 0.01 0.01 1.0 0.1 2.0 2 1000 
echo 109
./xmigration 0.05 0.0 0.05 0.0 0.2 1.0 300 1 0.5 0.5 1 0.01 0.01 0.01 0.01 1.0 0.1 0.25 0.5 1000 
echo 110
./xmigration 0.05 0.0 0.05 0.0 0.2 1.0 300 1 0.5 0.5 1 0.01 0.01 0.01 0.01 1.0 0.1 0.25 1 1000 
echo 111
./xmigration 0.05 0.0 0.05 0.0 0.2 1.0 300 1 0.5 0.5 1 0.01 0.01 0.01 0.01 1.0 0.1 0.25 2 1000 
echo 112
./xmigration 0.05 0.0 0.05 0.0 0.2 1.0 300 1 0.5 0.5 1 0.01 0.01 0.01 0.01 1.0 0.1 0.5 0.5 1000 
echo 113
./xmigration 0.05 0.0 0.05 0.0 0.2 1.0 300 1 0.5 0.5 1 0.01 0.01 0.01 0.01 1.0 0.1 0.5 1 1000 
echo 114
./xmigration 0.05 0.0 0.05 0.0 0.2 1.0 300 1 0.5 0.5 1 0.01 0.01 0.01 0.01 1.0 0.1 0.5 2 1000 
echo 115
./xmigration 0.05 0.0 0.05 0.0 0.2 1.0 300 1 0.5 0.5 1 0.01 0.01 0.01 0.01 1.0 0.1 1.0 0.5 1000 
echo 116
./xmigration 0.05 0.0 0.05 0.0 0.2 1.0 300 1 0.5 0.5 1 0.01 0.01 0.01 0.01 1.0 0.1 1.0 1 1000 
echo 117
./xmigration 0.05 0.0 0.05 0.0 0.2 1.0 300 1 0.5 0.5 1 0.01 0.01 0.01 0.01 1.0 0.1 1.0 2 1000 
echo 118
./xmigration 0.05 0.0 0.05 0.0 0.2 1.0 300 1 0.5 0.5 1 0.01 0.01 0.01 0.01 1.0 0.1 2.0 0.5 1000 
echo 119
./xmigration 0.05 0.0 0.05 0.0 0.2 1.0 300 1 0.5 0.5 1 0.01 0.01 0.01 0.01 1.0 0.1 2.0 1 1000 
echo 120
./xmigration 0.05 0.0 0.05 0.0 0.2 1.0 300 1 0.5 0.5 1 0.01 0.01 0.01 0.01 1.0 0.1 2.0 2 1000 
echo 121
./xmigration 0.05 0.0 0.05 0.0 0.2 0.5 300 1 0.5 0.1 1 0.01 0.01 0.01 0.01 1.0 0.1 0.25 0.5 1000 
echo 122
./xmigration 0.05 0.0 0.05 0.0 0.2 0.5 300 1 0.5 0.1 1 0.01 0.01 0.01 0.01 1.0 0.1 0.25 1 1000 
echo 123
./xmigration 0.05 0.0 0.05 0.0 0.2 0.5 300 1 0.5 0.1 1 0.01 0.01 0.01 0.01 1.0 0.1 0.25 2 1000 
echo 124
./xmigration 0.05 0.0 0.05 0.0 0.2 0.5 300 1 0.5 0.1 1 0.01 0.01 0.01 0.01 1.0 0.1 0.5 0.5 1000 
echo 125
./xmigration 0.05 0.0 0.05 0.0 0.2 0.5 300 1 0.5 0.1 1 0.01 0.01 0.01 0.01 1.0 0.1 0.5 1 1000 
echo 126
./xmigration 0.05 0.0 0.05 0.0 0.2 0.5 300 1 0.5 0.1 1 0.01 0.01 0.01 0.01 1.0 0.1 0.5 2 1000 
echo 127
./xmigration 0.05 0.0 0.05 0.0 0.2 0.5 300 1 0.5 0.1 1 0.01 0.01 0.01 0.01 1.0 0.1 1.0 0.5 1000 
echo 128
./xmigration 0.05 0.0 0.05 0.0 0.2 0.5 300 1 0.5 0.1 1 0.01 0.01 0.01 0.01 1.0 0.1 1.0 1 1000 
echo 129
./xmigration 0.05 0.0 0.05 0.0 0.2 0.5 300 1 0.5 0.1 1 0.01 0.01 0.01 0.01 1.0 0.1 1.0 2 1000 
echo 130
./xmigration 0.05 0.0 0.05 0.0 0.2 0.5 300 1 0.5 0.1 1 0.01 0.01 0.01 0.01 1.0 0.1 2.0 0.5 1000 
echo 131
./xmigration 0.05 0.0 0.05 0.0 0.2 0.5 300 1 0.5 0.1 1 0.01 0.01 0.01 0.01 1.0 0.1 2.0 1 1000 
echo 132
./xmigration 0.05 0.0 0.05 0.0 0.2 0.5 300 1 0.5 0.1 1 0.01 0.01 0.01 0.01 1.0 0.1 2.0 2 1000 
echo 133
./xmigration 0.05 0.0 0.05 0.0 0.2 0.5 300 1 0.5 0.5 1 0.01 0.01 0.01 0.01 1.0 0.1 0.25 0.5 1000 
echo 134
./xmigration 0.05 0.0 0.05 0.0 0.2 0.5 300 1 0.5 0.5 1 0.01 0.01 0.01 0.01 1.0 0.1 0.25 1 1000 
echo 135
./xmigration 0.05 0.0 0.05 0.0 0.2 0.5 300 1 0.5 0.5 1 0.01 0.01 0.01 0.01 1.0 0.1 0.25 2 1000 
echo 136
./xmigration 0.05 0.0 0.05 0.0 0.2 0.5 300 1 0.5 0.5 1 0.01 0.01 0.01 0.01 1.0 0.1 0.5 0.5 1000 
echo 137
./xmigration 0.05 0.0 0.05 0.0 0.2 0.5 300 1 0.5 0.5 1 0.01 0.01 0.01 0.01 1.0 0.1 0.5 1 1000 
echo 138
./xmigration 0.05 0.0 0.05 0.0 0.2 0.5 300 1 0.5 0.5 1 0.01 0.01 0.01 0.01 1.0 0.1 0.5 2 1000 
echo 139
./xmigration 0.05 0.0 0.05 0.0 0.2 0.5 300 1 0.5 0.5 1 0.01 0.01 0.01 0.01 1.0 0.1 1.0 0.5 1000 
echo 140
./xmigration 0.05 0.0 0.05 0.0 0.2 0.5 300 1 0.5 0.5 1 0.01 0.01 0.01 0.01 1.0 0.1 1.0 1 1000 
echo 141
./xmigration 0.05 0.0 0.05 0.0 0.2 0.5 300 1 0.5 0.5 1 0.01 0.01 0.01 0.01 1.0 0.1 1.0 2 1000 
echo 142
./xmigration 0.05 0.0 0.05 0.0 0.2 0.5 300 1 0.5 0.5 1 0.01 0.01 0.01 0.01 1.0 0.1 2.0 0.5 1000 
echo 143
./xmigration 0.05 0.0 0.05 0.0 0.2 0.5 300 1 0.5 0.5 1 0.01 0.01 0.01 0.01 1.0 0.1 2.0 1 1000 
echo 144
./xmigration 0.05 0.0 0.05 0.0 0.2 0.5 300 1 0.5 0.5 1 0.01 0.01 0.01 0.01 1.0 0.1 2.0 2 1000 
