generation;time;mean_theta_a;mean_theta_b;mean_phi_a;mean_phi_b;mean_resources;var_theta_a;var_theta_b;var_phi_a;var_phi_b;var_resources;nwinter;nstaging;nsummer;nkids;mean_flock_size_summer;mean_flock_size_winter;mean_staging_size_winter;mean_staging_size_summer;var_flock_size_summer;var_flock_size_winter;var_staging_size_winter;var_staging_size_summer
0;2;0.05;2.40707e-06;0.0499984;5.18263e-06;14.9859;-1.27936e-16;2.14087e-08;8.90462e-09;3.33713e-08;2.98847;3696;0;0;5879;69.8;22.65;1461.1;443.5;709.06;97.1275;273383;24012.8;
10;2;0.0500205;0.000301531;0.0500384;0.00191198;38.807;6.39526e-07;2.39076e-06;1.02102e-06;1.02866e-05;1468.12;2973;0;0;26931;60.15;75.5;621.65;628.6;123.028;155.218;37921.7;33416.8;
20;2;0.0500849;0.00389645;0.0499692;0.00527466;21.88;1.84094e-06;2.20689e-05;2.43208e-06;1.90073e-05;828.402;3738;0;0;23478;133.9;148.5;327.45;325.5;4925.59;3408.06;1512.45;1032.48;
30;2;0.0501039;0.00802867;0.0498997;0.00645722;12.3451;2.50299e-06;2.77175e-05;3.42386e-06;1.85109e-05;321.579;4225;0;0;13613;182.6;201.05;263.95;278.25;20204;11528.2;16499.6;6917.04;
40;2;0.0500892;0.0104709;0.0499382;0.00744174;9.3817;2.66629e-06;2.67518e-05;4.35146e-06;2.11053e-05;138.355;4417;0;0;10211;210.85;221.3;259.7;275.65;34616;16756.2;30248.9;12153.6;
50;2;0.050106;0.0119355;0.0499107;0.0078719;8.63361;3.25331e-06;2.52379e-05;4.30086e-06;2.12872e-05;52.847;4462;0;0;10211;216.85;228.65;260.65;262.35;39717.1;19655.7;35549.6;15962.3;
60;2;0.0501336;0.0127699;0.0498709;0.00855195;8.32559;3.07121e-06;2.40047e-05;5.04103e-06;2.25505e-05;67.5096;4532;0;0;8968;220;233.8;247.45;264;45542.3;21127.1;40924.2;17359.2;
70;2;0.0502296;0.0133649;0.0499315;0.00913527;8.03009;4.36811e-06;2.40767e-05;6.31977e-06;2.36278e-05;90.137;4568;0;0;8349;224.25;237.2;246.3;259.2;49981.3;24650.5;46033.7;20918.5;
80;2;0.0502538;0.0137764;0.050039;0.00968518;7.72078;4.19473e-06;2.19151e-05;7.6628e-06;2.4764e-05;27.0717;4600;0;0;8197;225.15;237.95;245.1;255.95;50563.9;25316.8;45911.3;21760.3;
90;2;0.0501747;0.0139072;0.0501075;0.0101462;7.59033;4.49536e-06;2.09852e-05;8.09561e-06;2.56527e-05;22.7401;4604;0;0;8061;227.25;238.65;245.15;253.95;52014.5;26154.7;47126.3;22753.1;
100;2;0.0501847;0.0140724;0.0501389;0.0105907;7.63024;4.77065e-06;2.03129e-05;9.13892e-06;2.62733e-05;20.0063;4590;0;0;7981;226.6;239.3;240.9;252.05;53111.5;25220.7;49073;21941.9;
110;2;0.050188;0.0142516;0.0501991;0.0107858;7.61229;5.35479e-06;1.86102e-05;1.03706e-05;2.63063e-05;27.3092;4594;0;0;7796;228.9;240.55;247.2;255.5;55343.6;25212.7;50564.4;22049.3;
120;2;0.0501782;0.0141853;0.0501784;0.0108274;7.61779;6.36994e-06;1.7323e-05;1.03925e-05;2.57776e-05;46.8045;4621;0;0;7704;228.65;240.4;242.85;252.5;56742.2;26044.1;52754;22586.5;
130;2;0.050241;0.0145091;0.0501183;0.0111839;7.47245;6.66399e-06;1.6368e-05;1.14212e-05;2.69993e-05;18.8775;4617;0;0;7535;228.65;240.9;242.8;251.85;58568.3;26704.3;54482.9;23831.2;
140;2;0.0502299;0.0144514;0.0501337;0.0115263;7.49768;6.51604e-06;1.7459e-05;1.25181e-05;2.78282e-05;18.4037;4633;0;0;7552;228.4;239.15;241.25;252.5;56418.6;26460.8;52217.5;23798.6;
150;2;0.0502356;0.0144434;0.0502456;0.0119141;7.48842;6.87683e-06;1.60339e-05;1.37322e-05;2.86412e-05;22.3703;4636;0;0;7701;229.1;240.8;241.45;250.9;56709;27906.7;52460.9;24794.5;
160;2;0.0502582;0.0144315;0.0501659;0.0121529;7.42557;8.18038e-06;1.56777e-05;1.39211e-05;2.91885e-05;18.125;4598;0;0;7782;229.7;242.3;241.4;248.8;55620.5;28212.7;51841.4;26052.6;
170;2;0.0502472;0.0144952;0.0501983;0.0124349;7.35912;8.99021e-06;1.48034e-05;1.42337e-05;2.92203e-05;19.3391;4628;0;0;7342;230.4;241.7;239.45;249.65;55633;26735.8;52557.5;24223.2;
180;2;0.0503337;0.0145171;0.0501064;0.0126142;7.31176;1.01325e-05;1.46595e-05;1.56262e-05;2.90843e-05;17.1779;4633;0;0;7498;228.8;242.65;238.65;251.55;57632.7;28050.8;54150.8;25089.8;
190;2;0.050301;0.01432;0.0500269;0.012933;7.38241;1.02558e-05;1.42031e-05;1.54085e-05;2.98569e-05;16.3299;4655;0;0;7171;230.2;241.75;239.3;250.15;55564.3;26251.6;52238.4;24228.9;
200;2;0.0500977;0.0142711;0.0498928;0.0134212;7.41204;1.10648e-05;1.40915e-05;1.61398e-05;3.02657e-05;16.6811;4613;0;0;7568;229.6;241.35;237.8;247.65;57692.5;26635.8;54612.1;24534.8;
210;2;0.0500118;0.0141617;0.0496126;0.0137532;7.46869;1.16186e-05;1.48926e-05;1.64441e-05;2.98572e-05;16.0183;4625;0;0;7705;228.7;242;236.6;248.2;56891.8;25640.3;54029.7;23500.7;
220;2;0.0499221;0.0140759;0.0495934;0.0141472;7.47019;1.12533e-05;1.38566e-05;1.54611e-05;2.90568e-05;16.0165;4638;0;0;7384;229.1;240.95;238.3;246.5;55144.9;24823;51766.8;22953.2;
230;2;0.0499701;0.0140697;0.0495196;0.0144766;7.44135;9.77778e-06;1.38124e-05;1.52837e-05;3.10609e-05;15.5735;4658;0;0;7544;230.2;242.3;238.1;249.15;55003;25741.5;52148.7;23907.9;
240;2;0.0500479;0.0140647;0.0494372;0.0145996;7.4638;1.1077e-05;1.37235e-05;1.66751e-05;3.13371e-05;16.9717;4664;0;0;7892;229.6;242.75;235.6;249.8;55644.2;27011.9;53358.8;25402.4;
250;2;0.0500476;0.0143499;0.0494443;0.0149355;7.42409;1.2159e-05;1.34952e-05;1.63244e-05;3.00031e-05;15.8743;4651;0;0;7349;229.1;243.15;236.45;247.4;56189.3;26311.3;53584.6;25131.2;
260;2;0.0500525;0.0141648;0.0494707;0.0151231;7.53402;1.22461e-05;1.36027e-05;1.78913e-05;2.99817e-05;19.1491;4649;0;0;8204;229.7;242.45;236.65;246.95;53949.7;26215.5;51691;24830.7;
270;2;0.0500308;0.0142807;0.0494718;0.0152812;7.37938;1.34113e-05;1.36623e-05;1.69616e-05;3.01957e-05;21.653;4626;0;0;7285;230.35;242.4;237.7;247.15;56015.1;27430.7;53156.1;25577;
280;2;0.0500341;0.0143514;0.0494536;0.0154246;7.35779;1.3494e-05;1.34096e-05;1.89806e-05;2.94106e-05;15.9966;4638;0;0;7549;229.8;242.75;236.8;246.7;57375.1;27136.6;54870;25708;
290;2;0.0499838;0.0142868;0.0492675;0.0156485;7.3485;1.39645e-05;1.3733e-05;1.86269e-05;2.86661e-05;17.3228;4637;0;0;7401;229.95;242.05;236.1;245.8;57857.5;26562.5;55457.7;25164.6;
300;2;0.0500116;0.0141889;0.0493501;0.0158475;7.56588;1.43606e-05;1.3516e-05;1.87172e-05;2.94028e-05;21.8482;4645;0;0;7530;231.35;242.9;238.3;245.55;60045.9;24671.4;57492;23699.4;
310;2;0.0498965;0.0141622;0.0494436;0.0159237;7.47965;1.36318e-05;1.31536e-05;1.73412e-05;2.9198e-05;42.5723;4641;0;0;7165;231.05;242.7;237.55;245.75;58913;25424.7;56345.8;24452;
320;2;0.0499466;0.0140537;0.0496133;0.0161746;7.44108;1.5081e-05;1.35133e-05;1.94529e-05;2.81416e-05;16.1783;4647;0;0;7679;229.2;242.35;235.95;244.95;55743.9;26359.9;53262;25325.3;
330;2;0.0500258;0.0141069;0.0495357;0.0163956;7.4083;1.46513e-05;1.37159e-05;1.95282e-05;2.83827e-05;17.3049;4671;0;0;7359;229.9;242.65;237;246.25;56235.8;26337.3;54155.2;25313.5;
340;2;0.0499915;0.014155;0.049399;0.0163448;7.37051;1.41161e-05;1.37383e-05;2.05195e-05;2.68574e-05;17.5609;4629;0;0;7529;229.8;242.4;235.75;245.9;57186.8;26623.5;54848.8;25398.1;
350;2;0.0498298;0.014146;0.049517;0.0164169;7.44464;1.4601e-05;1.32766e-05;2.23535e-05;2.75865e-05;15.988;4619;0;0;7483;228.45;242.7;234.55;245.4;55337.6;25688.6;52993.8;24695.9;
360;2;0.0498856;0.0141257;0.0494719;0.0164521;7.36665;1.48154e-05;1.31915e-05;2.3002e-05;2.71004e-05;24.0883;4657;0;0;7352;232.2;243.35;237.65;246.2;56202.5;26662.9;54076.8;25786.1;
370;2;0.049731;0.0141052;0.0493575;0.0166356;7.3971;1.49409e-05;1.33392e-05;2.21294e-05;2.78957e-05;42.1717;4670;0;0;7401;226.2;242.85;231.45;244.6;56432.8;26677.7;54391.8;25928;
380;2;0.0497736;0.013809;0.0491614;0.0170658;7.59618;1.6229e-05;1.30029e-05;2.26855e-05;2.92643e-05;16.8916;4652;0;0;7546;228.75;241.35;233.45;243.55;54580.8;24169.1;52724.2;23411.2;
390;2;0.0499125;0.0136341;0.0491513;0.0171349;7.50876;1.88101e-05;1.32607e-05;2.35164e-05;2.94994e-05;16.2476;4636;0;0;7649;229.2;241.6;234;245.2;52901.7;24406.9;51089.3;23218.9;
400;2;0.0499226;0.0137387;0.0490873;0.017268;7.38904;1.85673e-05;1.30293e-05;2.66942e-05;3.02055e-05;16.0502;4663;0;0;7605;231.05;243.25;236.15;246.4;57920.5;26908.4;56049.5;25978.5;
410;2;0.0497254;0.0136997;0.0491044;0.0174543;7.51332;1.89361e-05;1.26597e-05;2.70985e-05;2.97287e-05;25.4267;4631;0;0;7611;231.2;242.8;236.3;245.25;55777;25458.3;53787.3;24486.3;
420;2;0.0496024;0.0136705;0.0489649;0.017722;7.50773;1.91297e-05;1.2338e-05;2.70591e-05;3.04653e-05;16.0522;4642;0;0;7719;231.2;243.25;236.05;245.05;53435;24401.3;51459.2;23713.8;
430;2;0.0496756;0.0136727;0.0490503;0.0180782;7.4402;2.06959e-05;1.23466e-05;2.59179e-05;3.07358e-05;16.4755;4652;0;0;7879;230.55;242.15;235.35;244.6;55253.2;27268.9;53350;26405.5;
440;2;0.0496627;0.0135523;0.0491279;0.0182406;7.58681;2.11804e-05;1.22586e-05;2.50135e-05;3.11184e-05;16.9286;4668;0;0;7935;229.3;242.7;233.2;244.85;53384;24495.3;51860.9;23655.7;
450;2;0.0497263;0.0134636;0.0493219;0.018291;7.55218;2.4044e-05;1.15041e-05;2.57115e-05;3.04228e-05;16.0836;4666;0;0;8064;228.25;242.95;233.55;244.7;53819.7;24828.7;51812.4;24150.9;
460;2;0.0496037;0.0133552;0.0492672;0.0184757;7.47949;2.48523e-05;1.16922e-05;2.75267e-05;3.04165e-05;15.978;4635;0;0;7392;229.05;241.8;232.85;244.15;51967.1;24689;50703.9;23799.5;
470;2;0.0494982;0.0132864;0.0489711;0.0186314;7.59201;2.70566e-05;1.15767e-05;2.91589e-05;2.92843e-05;16.6047;4641;0;0;7906;229.1;242.5;233;243.75;51261.6;23714.3;49703.8;23174.8;
480;2;0.0498042;0.0132147;0.0490257;0.0187595;7.56073;2.79807e-05;1.24735e-05;2.88843e-05;3.05875e-05;16.1405;4641;0;0;7607;229.2;242.35;232.45;243.4;51832.4;23288.5;50533.2;22887.8;
490;2;0.0499253;0.0133675;0.049115;0.0190229;7.5135;3.15229e-05;1.27998e-05;2.81469e-05;3.14895e-05;16.1556;4671;0;0;7650;231.1;242;235.3;244.5;54459.5;24419.6;52753.7;23587.6;
500;2;0.0501093;0.0132895;0.0491853;0.0191735;7.54918;3.16547e-05;1.35824e-05;3.04481e-05;3.13433e-05;16.74;4659;0;0;7579;227.75;241.55;230.95;243.55;53611.2;22971.2;52399.1;22423.4;
510;2;0.0501257;0.013389;0.0491357;0.0195865;7.46138;3.11321e-05;1.31089e-05;3.26978e-05;3.1692e-05;16.3086;4624;0;0;7756;231.2;242.5;235.2;244.45;52126.2;25692.2;50729.3;25168.6;
520;2;0.0501412;0.0133455;0.0492088;0.0197877;7.59428;3.06354e-05;1.17645e-05;3.10894e-05;3.25361e-05;16.2189;4651;0;0;7345;229.8;241.85;233.45;243.55;51039.5;22234.8;49542.2;21550.2;
530;2;0.050068;0.0131779;0.0492639;0.0197693;7.65106;2.92657e-05;1.11638e-05;3.4663e-05;3.13414e-05;16.8399;4653;0;0;8050;228.25;242.55;232.45;243.6;53891.2;23266.5;52219;22809.3;
540;2;0.0502375;0.0131302;0.0491408;0.0196987;7.61489;3.21465e-05;1.0787e-05;3.33026e-05;2.92173e-05;16.2327;4639;0;0;8196;229.65;242.4;233.6;243.75;50047;24773.5;48469.8;24215.7;
550;2;0.050199;0.0130698;0.0491567;0.0198036;7.55478;3.1856e-05;1.07709e-05;3.52896e-05;2.98076e-05;15.9594;4631;0;0;7605;230;241.4;233.9;242.4;53440.2;24109.4;51872;23693.6;
560;2;0.0502763;0.0129551;0.0493041;0.0199054;7.5868;3.1284e-05;1.11297e-05;3.73875e-05;3.00669e-05;15.8599;4648;0;0;7584;229.15;241.65;232.35;242.95;50308.5;23396.2;48996.5;22867.2;
570;2;0.0501545;0.012859;0.0494011;0.0201899;7.71458;3.05507e-05;1.05859e-05;3.53206e-05;3.15044e-05;16.7261;4637;0;0;8167;228.95;241.85;232.2;243.2;51699.2;21829.3;50387.5;21320.6;
580;2;0.0505415;0.0128466;0.0495152;0.0204693;7.46432;3.17982e-05;1.00609e-05;3.44449e-05;3.15849e-05;15.647;4655;0;0;8067;230.85;242.7;233.15;243.9;51678.7;25364;50736.8;24855.9;
590;2;0.0505629;0.0127362;0.0493025;0.0205586;7.61503;3.1923e-05;9.79979e-06;3.53047e-05;3.4283e-05;16.4678;4604;0;0;7722;228.35;239.7;231.65;241.1;48253;22481.7;47092.2;22001.9;
600;2;0.0505739;0.0129311;0.0492113;0.0207034;7.56435;3.13385e-05;9.72468e-06;3.62089e-05;3.61673e-05;16.9813;4631;0;0;7929;230.1;243.15;232.8;244.05;49408;24116.6;48334.5;23750.1;
610;2;0.0505371;0.0128666;0.0494158;0.0208667;7.69712;3.13241e-05;9.29442e-06;3.79156e-05;3.70551e-05;18.8337;4629;0;0;8188;227.3;242.4;231;244.3;49389.3;23106;48419.2;22854;
620;2;0.0506535;0.0128355;0.0496333;0.0213419;7.5613;3.0649e-05;9.68548e-06;3.79662e-05;3.87318e-05;29.016;4615;0;0;7229;230.65;241.6;234.4;242.55;50589.1;23032.4;49034.7;22702.8;
630;2;0.0509032;0.0128346;0.0495273;0.021867;7.54405;3.16818e-05;9.75191e-06;4.14128e-05;3.99465e-05;16.3964;4653;0;0;7875;228.75;242.05;231.55;243.1;51252;24343.1;50142.7;24020.2;
640;2;0.0509476;0.01278;0.0495984;0.0221593;7.6334;3.10858e-05;9.55428e-06;4.36916e-05;3.85347e-05;16.3376;4642;0;0;8144;227.7;241.55;230.55;242.4;49778.5;23554;48627.4;23283.4;
650;2;0.0511101;0.0127737;0.0496246;0.0223829;7.58005;3.2474e-05;9.05609e-06;4.51233e-05;3.85445e-05;15.8566;4609;0;0;7862;230.2;241.5;232.55;242.85;52818.4;23828.5;51841.9;23348.3;
660;2;0.0511716;0.0127399;0.0494397;0.0225057;7.57266;3.20534e-05;9.83826e-06;4.44806e-05;4.2234e-05;17.38;4665;0;0;8117;230.7;242.25;233.25;243.25;51705.5;24500.6;50654.5;24098;
670;2;0.0512851;0.0126134;0.0492548;0.0227442;7.66567;3.51726e-05;9.71573e-06;4.58661e-05;4.10962e-05;16.7131;4661;0;0;7826;229.5;242.5;231.8;243.05;51620.4;22286.3;50646.6;22058.8;
680;2;0.0513255;0.0125819;0.0492907;0.0228664;7.71067;3.65337e-05;9.85949e-06;4.85438e-05;4.02284e-05;16.7247;4630;0;0;7873;227.9;241.5;230.15;241.9;50633.2;22112.3;49707.2;21933.6;
690;2;0.0513318;0.0125514;0.0495299;0.023087;7.67762;4.22026e-05;9.86442e-06;4.65298e-05;4.16254e-05;17.4173;4673;0;0;8235;228.9;243.05;232.5;243.8;50908.7;23970.3;49693.8;23714.1;
700;2;0.0513222;0.0125364;0.0497717;0.0230262;7.63154;4.30296e-05;9.03393e-06;4.55169e-05;3.91491e-05;16.7163;4634;0;0;7753;229.4;241.1;232.05;241.65;50326.6;22242.5;49242.3;22012;
710;2;0.0511917;0.0126284;0.0496891;0.0230378;7.60755;4.63503e-05;9.11193e-06;4.26505e-05;4.012e-05;16.4761;4642;0;0;7555;229.8;241.85;232.85;243.9;51405.9;22824.6;50217.2;22627.9;
720;2;0.051294;0.0125671;0.0495024;0.0233136;7.70693;4.76364e-05;9.13406e-06;4.35626e-05;4.20883e-05;17.2994;4654;0;0;8234;230.55;242.45;232.85;242.7;49069.3;22321.3;48136.1;22213.9;
730;2;0.0512014;0.0126373;0.0497515;0.0235215;7.7174;5.00085e-05;8.04288e-06;4.20352e-05;4.32681e-05;16.4277;4621;0;0;8289;231.2;241;233.4;241.6;51278.7;22874.6;50475.5;22679.7;
740;2;0.0511841;0.0125993;0.049746;0.0241058;7.6506;4.72232e-05;8.4348e-06;4.2455e-05;4.58671e-05;16.811;4647;0;0;7905;229.15;242.2;231.2;242.95;51582;23646.1;50731.8;23344.4;
750;2;0.051;0.0125681;0.0498095;0.0242581;7.55511;5.04583e-05;8.6687e-06;4.43783e-05;4.45939e-05;15.9818;4626;0;0;7828;230.05;241.6;232.85;242.2;50001.1;23597.6;48957.2;23344.7;
760;2;0.050912;0.0125135;0.0499199;0.0244825;7.6772;4.8388e-05;8.67915e-06;4.41449e-05;4.59215e-05;16.1544;4617;0;0;7905;229.55;241.85;231.9;242.6;50091.4;21977.8;49113.1;21686.3;
770;2;0.0510996;0.012408;0.0497579;0.024656;7.70889;5.14004e-05;8.19504e-06;4.2269e-05;4.69288e-05;22.9218;4608;0;0;7989;229.1;242.2;230.95;242.8;49020.6;22666.5;48262.2;22449.7;
780;2;0.0508538;0.012385;0.0499581;0.0248504;7.64729;5.15605e-05;7.65933e-06;4.43547e-05;5.03754e-05;38.745;4660;0;0;7648;230.65;243.25;232.25;243.7;50204.4;23671.8;49537.3;23472.3;
790;2;0.0507519;0.0124506;0.0498008;0.0250179;7.80575;5.23345e-05;7.80135e-06;4.74374e-05;4.98828e-05;68.1852;4604;0;0;7947;228.8;241.25;230.95;241.65;51295.8;22875.8;50401.9;22700.6;
800;2;0.0507592;0.0124776;0.0498687;0.0252241;7.54575;4.6942e-05;7.69141e-06;4.78806e-05;5.2244e-05;15.8832;4618;0;0;7841;229.85;241.85;231.8;242.75;50666.1;23222.7;49861.8;22863.3;
810;2;0.050363;0.0124782;0.0498775;0.0253526;7.71031;5.05692e-05;7.8046e-06;5.07877e-05;5.19864e-05;16.3888;4631;0;0;8206;229.15;240.65;231.5;241;51604.2;22026.9;50679.8;21946.7;
820;2;0.0502428;0.012422;0.0499878;0.0255058;7.71437;4.86617e-05;7.73403e-06;4.90542e-05;4.9572e-05;16.8411;4615;0;0;8214;229.2;241.3;231.4;241.7;50162;22811.2;49267.5;22632.7;
830;2;0.0501186;0.0123831;0.0498057;0.0255874;7.68462;5.4821e-05;8.24779e-06;5.14675e-05;4.90007e-05;15.7863;4596;0;0;7818;229.4;240.4;231.85;240.95;50717.2;21474.2;49681.6;21237.1;
840;2;0.0500174;0.0123425;0.0497306;0.0254563;7.76181;5.43557e-05;8.33237e-06;5.208e-05;4.93093e-05;19.024;4595;0;0;7942;228.9;241.5;231.4;242.1;45786.6;22078.9;44873.5;21856;
850;2;0.0502503;0.0123317;0.0500816;0.025272;7.7151;5.35911e-05;8.14283e-06;5.30785e-05;4.96719e-05;25.9142;4640;0;0;8271;229.35;241.55;231.8;241.85;51000.8;23545.6;49999.7;23429.2;
860;2;0.0500734;0.0124236;0.0501695;0.0254645;7.66507;5.37577e-05;7.48233e-06;5.47339e-05;4.98943e-05;19.4165;4628;0;0;8277;230.2;241.7;232.15;242;50393.5;23589.5;49576.8;23458.6;
870;2;0.0500939;0.0124339;0.0498544;0.0257422;7.695;5.34577e-05;7.76088e-06;6.15308e-05;5.12861e-05;15.8715;4615;0;0;8026;229.8;241.4;231.75;241.8;50199.7;21224.9;49403.2;21068.7;
880;2;0.0501056;0.0124641;0.0499468;0.0261643;7.60749;5.6249e-05;7.64772e-06;6.49748e-05;5.21382e-05;16.7356;4648;0;0;8470;230.05;241.9;232;242.4;50187.6;24096.6;49375.1;23879.9;
890;2;0.0501228;0.0125324;0.0499405;0.0262459;7.6369;5.21034e-05;7.53962e-06;6.29473e-05;5.59976e-05;16.3744;4647;0;0;7888;229.75;242.5;231.7;242.8;50088.6;22248.4;49267.8;22119;
900;2;0.0501638;0.0126699;0.0496474;0.0263221;7.67066;5.6118e-05;7.28895e-06;6.61388e-05;5.78377e-05;16.5024;4623;0;0;8350;228.9;242.25;231.05;242.55;49556.1;23078.9;48687.8;22948.7;
910;2;0.0502428;0.0127039;0.0498497;0.0263654;7.5441;5.4426e-05;7.69514e-06;6.58118e-05;5.51957e-05;19.368;4643;0;0;7482;229.3;241.75;231.8;242.3;51607.8;22852.8;50571.7;22613.7;
920;2;0.0502775;0.0126821;0.0495885;0.026383;7.62305;5.01269e-05;7.87511e-06;6.56648e-05;5.50163e-05;16.8878;4611;0;0;7853;228.45;241.55;230.6;241.9;50679.4;22710;49780.6;22715.6;
930;2;0.0503329;0.0127049;0.0495777;0.0263994;7.65216;4.99954e-05;7.29759e-06;6.28814e-05;5.42266e-05;19.5296;4636;0;0;7603;230.25;240.85;232.7;241.9;51093.9;22777.2;50053.1;22420.9;
940;2;0.0505397;0.01268;0.0496702;0.0263971;7.6427;5.06459e-05;7.26363e-06;6.18383e-05;5.46845e-05;32.7146;4637;0;0;8150;230.7;242.3;232.65;242.65;52015;24160.1;51207.1;24015.3;
950;2;0.0505929;0.0126678;0.0499892;0.0262881;7.70571;4.87716e-05;7.08094e-06;6.34701e-05;5.29811e-05;55.0703;4623;0;0;7575;230.1;241.25;232.85;242.05;54620.5;22568.1;53477.9;22329.7;
960;2;0.0507442;0.0126841;0.0500322;0.0263988;7.58318;4.94708e-05;7.04981e-06;6.14202e-05;5.30038e-05;84.4481;4649;0;0;7838;229.4;242.65;231.7;242.85;52287.6;24717.5;51335.2;24634.7;
970;2;0.0508601;0.0126938;0.050329;0.0262938;7.83256;4.88496e-05;7.49443e-06;6.51376e-05;5.10972e-05;130.36;4649;0;0;7834;231.05;242.45;232.85;242.9;52137;22706.7;51374.2;22518.9;
980;2;0.050941;0.0126665;0.05029;0.026301;7.8809;4.86569e-05;7.77845e-06;6.49916e-05;5.07276e-05;195.627;4660;0;0;8029;231.7;241.9;233.45;242.3;50905.9;23220.1;50166.7;23054.2;
990;2;0.0510697;0.0127139;0.0498946;0.0265493;7.57003;5.39372e-05;8.05068e-06;6.24915e-05;5.28121e-05;15.6958;4632;0;0;8268;228.05;241.5;229.9;242.15;47926.6;25143.3;47169.8;24874.6;
1000;2;0.0511813;0.0126609;0.0499331;0.0264989;7.54498;5.48999e-05;7.4857e-06;5.99918e-05;5.339e-05;18.2598;4653;0;0;7786;229.75;242.75;231.65;243.15;50624.7;24284.5;49834;24121.1;
1010;2;0.0511883;0.012615;0.0502299;0.0265376;7.65545;5.9129e-05;7.89741e-06;6.2614e-05;5.83348e-05;36.8197;4640;0;0;8008;229.85;241.4;232;241.8;48840.3;25132.2;47958.8;24958.9;
1020;2;0.0514239;0.0126551;0.0504072;0.0269279;7.697;5.93585e-05;8.00658e-06;6.38696e-05;6.34875e-05;41.374;4643;0;0;7997;230.05;242.15;231.85;242.45;49921.9;22565.6;49198.9;22438.6;
1030;2;0.0516431;0.0126519;0.0502971;0.0272432;7.78942;6.19695e-05;7.21723e-06;6.53682e-05;6.61005e-05;72.1621;4651;0;0;7830;231.15;242.2;233.3;242.45;51922;22514.2;51012.6;22413.8;
1040;2;0.0518251;0.0125683;0.0500328;0.0276272;7.61252;6.25946e-05;6.9325e-06;6.70419e-05;6.62837e-05;16.772;4640;0;0;8021;229.9;242.85;231.7;243;52121.1;24163.6;51376.7;24099.6;
1050;2;0.0519754;0.0124791;0.0498969;0.0279052;7.5683;5.78723e-05;6.74397e-06;6.86556e-05;6.47524e-05;22.7275;4672;0;0;7520;229.25;242.35;231.8;242.35;53223.3;23320.6;52195.7;23314.2;
1060;2;0.0520716;0.0124748;0.0502547;0.0280168;7.60429;5.84146e-05;7.13303e-06;6.94161e-05;6.60481e-05;43.2054;4610;0;0;7593;230.25;240.95;232.6;241.25;53154.2;24540.1;52175.4;24407.4;
1070;2;0.0521565;0.0124792;0.0502649;0.0281942;7.62193;5.5132e-05;6.98745e-06;6.7868e-05;6.74453e-05;16.146;4630;0;0;7717;230.95;242.6;233;242.75;50665.8;22496.4;49808.1;22439.9;
1080;2;0.0520395;0.0124821;0.0502455;0.0285014;7.54638;5.51332e-05;7.25779e-06;6.71435e-05;6.95108e-05;16.3516;4635;0;0;7955;229.8;242.75;231.55;243.55;51470.1;24404.7;50727.6;24121.9;
1090;2;0.0516262;0.0124742;0.0503917;0.028629;7.46987;5.61864e-05;7.27231e-06;6.54776e-05;7.01616e-05;15.8502;4630;0;0;7594;230.6;242.4;232.5;243.15;52963;24002.4;52172.6;23717.1;
1100;2;0.0517967;0.012368;0.0502573;0.028423;7.67335;5.73415e-05;7.11416e-06;6.47618e-05;6.46392e-05;16.5936;4638;0;0;7915;229;241.95;230.95;242.2;51153.2;22545.8;50343.2;22438.1;
1110;2;0.0522873;0.0123911;0.0498432;0.0288703;7.63234;5.72385e-05;6.77409e-06;7.03944e-05;6.49092e-05;16.2539;4624;0;0;7584;230.3;241.45;232.2;241.9;50559.6;21754.9;49769;21548.3;
1120;2;0.0523368;0.0124167;0.0495584;0.0285755;7.54348;5.73086e-05;6.70745e-06;6.46473e-05;6.25803e-05;15.438;4643;0;0;7904;231.35;242.85;233.2;243.3;50513.1;23959;49721.7;23771.5;
1130;2;0.0525602;0.0124219;0.0496718;0.0287288;7.55413;5.72974e-05;6.62011e-06;6.54029e-05;6.51351e-05;16.3065;4631;0;0;7999;229.15;242.1;231.15;242.55;51950.9;23533;51137.8;23332.4;
1140;2;0.0523542;0.0123991;0.0497669;0.02874;7.52427;5.54464e-05;5.96764e-06;6.3348e-05;6.39397e-05;15.4153;4642;0;0;8008;229;243.15;230.3;243.7;50929.3;24828.7;50372;24601.6;
1150;2;0.052279;0.0123962;0.0496979;0.0293957;7.59007;5.55775e-05;6.23586e-06;6.25262e-05;6.52987e-05;16.1903;4619;0;0;7850;229.25;241.45;230.9;241.75;51434.6;22848.1;50755.8;22714.8;
1160;2;0.0523679;0.0123174;0.0495111;0.0295642;7.58085;5.42706e-05;5.99411e-06;6.28476e-05;6.28098e-05;16.8016;4632;0;0;8190;230.1;241.85;231.3;242.15;48825.2;24381.8;48324.4;24262.2;
1170;2;0.0522313;0.0123144;0.0496227;0.0296473;7.56585;5.5762e-05;6.43473e-06;6.41196e-05;6.37807e-05;19.1327;4623;0;0;7803;229.55;241.05;230.8;241.3;49575.2;24234.3;49044.1;24129.1;
1180;2;0.0520601;0.0122946;0.0500463;0.0298995;7.73142;5.76991e-05;6.33484e-06;6.53587e-05;6.49946e-05;30.2894;4633;0;0;8254;229.4;242.8;230.85;243.1;49711;22611.6;49115.9;22485.5;
1190;2;0.0524219;0.0122951;0.0504934;0.029945;7.57217;6.13156e-05;6.14572e-06;6.66358e-05;6.62729e-05;16.3567;4646;0;0;8144;227.45;241.7;228.75;242;47504.3;24406.7;46963.9;24274.5;
1200;2;0.052576;0.0123569;0.0504323;0.0300622;7.53877;6.21708e-05;6.63767e-06;6.39554e-05;6.52389e-05;16.1693;4628;0;0;7900;231.25;242.5;232.75;242.75;48784.3;23866;48149.1;23755.7;
1210;2;0.0521732;0.0123591;0.0502686;0.0300613;7.6103;5.99871e-05;6.76615e-06;6.1587e-05;6.88495e-05;17.8718;4635;0;0;7968;231.65;241.9;232.6;242.3;50918.4;23073.2;50508;22908.1;
1220;2;0.0522426;0.0123421;0.0503578;0.0300215;7.61216;6.06358e-05;6.82528e-06;6.09659e-05;7.00015e-05;16.4086;4640;0;0;7809;229.55;241.15;231.5;241.25;51288.8;22899.3;50464.9;22855.2;
1230;2;0.0523403;0.0123868;0.0505408;0.030157;7.53115;6.00213e-05;6.60081e-06;6.27421e-05;7.3396e-05;16.0945;4614;0;0;7954;230.55;241.6;231.7;242.1;52067;24504.2;51586.5;24282.9;
1240;2;0.0522252;0.012404;0.0505118;0.0302609;7.74678;5.88783e-05;6.96906e-06;6.55582e-05;7.19651e-05;24.1433;4614;0;0;7953;230.75;242.9;232.15;243;50608.3;21849.1;50022.8;21802.1;
1250;2;0.052163;0.0124253;0.0504488;0.0302311;7.52761;6.13092e-05;6.66901e-06;6.64505e-05;7.32322e-05;15.932;4629;0;0;7621;229.65;243;231.15;243.35;50551.9;22824.8;49936.3;22844.2;
1260;2;0.0522241;0.0124532;0.0500604;0.0302663;7.64777;6.33926e-05;6.80833e-06;6.81406e-05;7.32468e-05;18.5475;4638;0;0;8055;230.3;241.1;231.7;241.45;50876.4;22634.2;50276.7;22481;
1270;2;0.0521392;0.0124136;0.0500704;0.0301976;7.60912;6.48913e-05;7.02428e-06;7.145e-05;7.48441e-05;20.6378;4609;0;0;7591;231.4;242.25;233.1;242.6;51472.9;23012.3;50753.8;22879.3;
1280;2;0.0522127;0.0124604;0.0501652;0.0307303;7.70393;6.72413e-05;6.96447e-06;7.55166e-05;7.78479e-05;23.9349;4641;0;0;7651;229.65;241.95;231.4;242.3;51283.8;21578.6;50538.3;21423.9;
1290;2;0.0521431;0.0124299;0.0500399;0.0308734;7.71039;6.64664e-05;7.03351e-06;7.13811e-05;8.06552e-05;39.4833;4656;0;0;8065;229.05;242.8;230.35;243.1;49591.8;22470.4;49073.6;22343;
1300;2;0.052518;0.0124384;0.0500577;0.0310523;7.5103;6.11131e-05;6.93157e-06;6.79981e-05;8.56505e-05;15.6041;4631;0;0;7772;228.2;243;229.7;243.25;49940.8;24015.2;49359;23902.9;
1310;2;0.0525736;0.01237;0.0503111;0.0309093;7.60023;6.32493e-05;7.17015e-06;6.61664e-05;7.96312e-05;15.8154;4657;0;0;8069;231.35;242.75;232.7;242.8;50803.4;23998.7;50237.1;23969.3;
1320;2;0.0524608;0.0123605;0.0500869;0.0306935;7.51195;6.53862e-05;7.31365e-06;6.83762e-05;7.73957e-05;16.2262;4630;0;0;7712;231.05;242.3;232.75;242.55;50871.4;23535.4;50148;23449.2;
1330;2;0.0528623;0.012368;0.0500858;0.0307928;7.64057;6.6284e-05;7.43242e-06;6.84256e-05;7.52566e-05;16.4869;4621;0;0;7974;230;242.7;231.35;242.75;53367.3;22385;52800.9;22362.6;
1340;2;0.0531832;0.0123798;0.0500546;0.0308032;7.57805;7.00764e-05;7.69697e-06;6.84279e-05;6.86777e-05;16.5316;4639;0;0;7958;230.25;242.55;231.8;242.6;51060.6;23347.9;50405.2;23324.1;
1350;2;0.0530329;0.0124718;0.0500051;0.0309635;7.58684;6.60325e-05;7.27546e-06;7.19353e-05;7.1444e-05;16.4115;4631;0;0;7971;230.15;241.55;231.45;241.85;52272.1;23373.7;51715.6;23249.9;
1360;2;0.0529081;0.0123979;0.0500019;0.0305841;7.54295;6.16372e-05;7.09789e-06;7.08042e-05;7.29455e-05;20.6365;4655;0;0;7923;231;242.3;232.6;242.6;49891.7;25339.2;49212.3;25208.6;
1370;2;0.0525948;0.0124237;0.0502577;0.0305865;7.62206;6.21888e-05;7.21881e-06;6.9678e-05;7.54656e-05;31.6926;4619;0;0;7446;231.4;241.8;232.8;242;49143.7;22577.8;48540.6;22494.6;
1380;2;0.0524406;0.0123464;0.0503807;0.0308715;7.62053;6.32084e-05;7.3326e-06;6.79183e-05;7.49011e-05;22.6723;4624;0;0;7896;229.25;241.55;230.35;241.75;47869.1;23936.7;47408.3;23853.8;
1390;2;0.0525879;0.0123582;0.0504417;0.0310349;7.60824;6.47495e-05;7.05891e-06;6.57393e-05;7.60605e-05;16.2326;4638;0;0;7839;229;242.65;230.45;242.75;52272.9;22280.5;51677.8;22237.4;
1400;2;0.0525119;0.0122762;0.0503173;0.0312174;7.5594;6.47111e-05;6.98477e-06;6.85357e-05;7.84743e-05;15.9198;4675;0;0;7510;228.65;242.75;230.35;242.95;50555.8;22727.1;49844;22643;
1410;2;0.0524766;0.0122213;0.0504678;0.0313111;7.68333;6.51663e-05;6.97045e-06;6.85662e-05;7.60659e-05;17.1752;4637;0;0;8179;232.2;242.85;233.45;243.05;51338.3;22786;50802.4;22706.8;
1420;2;0.0525755;0.0121891;0.0504565;0.0309794;7.71746;6.23683e-05;7.41219e-06;6.56471e-05;7.32783e-05;24.2452;4618;0;0;7952;228.75;241.4;230.3;241.5;47247;21836.3;46603;21796.7;
1430;2;0.0527921;0.012206;0.0507718;0.0310958;7.65912;6.77982e-05;7.49411e-06;6.50428e-05;7.3362e-05;20.9495;4627;0;0;7840;231.25;242.35;233;242.45;51586.1;22253;50851.2;22206.5;
1440;2;0.0529576;0.0121662;0.0511289;0.0312469;7.632;6.56504e-05;7.17851e-06;6.18671e-05;7.29033e-05;16.4082;4636;0;0;8419;229.95;241.3;231.2;241.65;51515.8;24798.8;50993.9;24654.6;
1450;2;0.0526593;0.0122782;0.0510599;0.0313419;7.52151;6.73094e-05;8.24514e-06;6.12862e-05;7.56994e-05;16.0256;4679;0;0;7936;231.7;242.55;233.1;242.6;49658.1;24991.4;49059.2;24971;
1460;2;0.0525927;0.0122419;0.0510041;0.0312973;7.72512;7.07696e-05;7.95521e-06;5.91549e-05;7.51237e-05;16.7086;4645;0;0;8160;228.75;240.85;229.85;240.9;48589.7;22465.1;48129.7;22441.1;
1470;2;0.0524021;0.0121321;0.0509532;0.0314395;7.64675;6.95188e-05;8.12287e-06;6.04686e-05;7.68651e-05;15.7762;4619;0;0;8242;229.6;242.05;230.8;242.25;50734.2;22981.4;50230.4;22894.5;
1480;2;0.0524978;0.0120652;0.0508767;0.0318572;7.6831;7.06207e-05;7.87336e-06;6.37e-05;7.88696e-05;16.1772;4656;0;0;8029;228.9;242.35;230.4;242.45;47391.8;22085.7;46873.5;22043.6;
1490;2;0.0526717;0.0120618;0.0507755;0.031803;7.75237;7.15471e-05;7.77856e-06;6.26368e-05;8.5949e-05;20.8158;4639;0;0;8163;229.55;241.6;231.1;242.2;50740.9;23341.4;50078.1;23131.6;
1500;2;0.0525415;0.0120331;0.050772;0.0321163;7.8415;7.16662e-05;7.53825e-06;6.18993e-05;8.59689e-05;31.7943;4646;0;0;8357;229.35;241.35;230.15;241.35;49435.6;21097;49097.8;21093.4;
1510;2;0.0527896;0.0120808;0.0507281;0.0320392;7.73002;6.78541e-05;7.10944e-06;6.44504e-05;8.54007e-05;67.6424;4633;0;0;8059;230.35;241.35;231.85;241.6;49964.3;24889.2;49333.1;24781.7;
1520;2;0.0527315;0.0121713;0.0503882;0.0320903;7.63566;7.0728e-05;6.8865e-06;6.76426e-05;8.32848e-05;17.0762;4613;0;0;8036;230.45;241.35;231.9;241.7;49242.9;24002.1;48624.6;23852.1;
1530;2;0.0525463;0.0121636;0.0504732;0.0319889;7.7004;6.94429e-05;6.79238e-06;6.33882e-05;8.4498e-05;16.7607;4660;0;0;8208;228.1;241.25;229.5;241.4;49887.9;22256.6;49302.9;22198.1;
1540;2;0.0523992;0.0122155;0.0506017;0.0322433;7.57634;6.92664e-05;7.32579e-06;6.69821e-05;8.84731e-05;16.7365;4648;0;0;7804;229.55;242.2;231.3;242.4;50160;22713.9;49494.5;22629.3;
1550;2;0.052662;0.0122641;0.0502056;0.0324223;7.68946;7.12699e-05;7.2374e-06;6.85318e-05;8.65521e-05;16.1893;4636;0;0;7944;229.25;242.05;230.7;242.2;49355.3;22094.2;48745.1;22029.3;
1560;2;0.0526405;0.0123507;0.0502978;0.0324743;7.61296;7.29598e-05;7.38515e-06;6.75732e-05;8.7906e-05;16.0387;4591;0;0;7991;229.35;241;230.7;241.15;49480.4;23085.8;48903.7;23022.9;
1570;2;0.0524529;0.0122392;0.0499928;0.0323672;7.69299;7.19939e-05;7.45217e-06;7.11458e-05;8.88603e-05;16.2549;4634;0;0;8065;229.2;243.05;230.65;243.25;49772.2;22378.3;49165.5;22291;
1580;2;0.052373;0.0123225;0.0500229;0.03242;7.72411;6.7355e-05;7.15481e-06;7.68597e-05;9.13003e-05;16.4817;4668;0;0;8254;231.05;242.5;232.35;242.7;53532.3;23294.8;52973.4;23208.3;
1590;2;0.0524039;0.0122544;0.0499832;0.0324256;7.74203;7.01715e-05;7.39102e-06;7.94059e-05;9.36692e-05;16.5967;4599;0;0;8258;229.3;241.3;230.75;241.4;48228.7;22181;47624.7;22135.8;
1600;2;0.0524938;0.0123227;0.0500215;0.0325888;7.57943;6.95694e-05;7.41163e-06;7.86773e-05;9.50435e-05;16.2927;4621;0;0;7984;228.95;242.8;230.4;242.85;50113;23694.4;49505.3;23670.6;
1610;2;0.0523558;0.0123332;0.0498035;0.03261;7.55883;6.64226e-05;7.51243e-06;7.985e-05;9.68915e-05;16.1843;4623;0;0;7918;229.15;242.15;230.3;242.7;50839;23744.2;50366;23559.5;
1620;2;0.0524863;0.012353;0.0496608;0.0324477;7.54387;6.30748e-05;7.5956e-06;8.1804e-05;9.43858e-05;16.7373;4631;0;0;7941;228.9;241.35;230.05;241.6;49177.2;23787.4;48691.4;23678.3;
1630;2;0.0527092;0.0123388;0.0497099;0.0324649;7.5886;5.97225e-05;7.34734e-06;7.99101e-05;9.20439e-05;16.4477;4639;0;0;8034;230.75;241.95;231.95;242.2;52538.2;24423.7;52022.6;24483.7;
1640;2;0.0526375;0.0122927;0.0494521;0.0327847;7.68408;5.91268e-05;7.45552e-06;8.30356e-05;9.90461e-05;16.4352;4618;0;0;7890;229.95;241.25;231.75;241.5;51693.3;21368.8;50951.9;21290.8;
1650;2;0.05269;0.0123802;0.0497754;0.0329834;7.59015;6.03544e-05;7.69147e-06;8.18053e-05;0.00010154;16.4463;4645;0;0;8139;231.05;242.3;232.05;242.35;51718.2;24460.1;51294.5;24436.3;
1660;2;0.0529581;0.0123939;0.04994;0.0330747;7.62539;6.19005e-05;8.0226e-06;8.3182e-05;9.50984e-05;16.109;4636;0;0;7986;229.75;241.75;230.7;241.9;49751;22480.5;49345.9;22414;
1670;2;0.0526593;0.0123846;0.0497454;0.0334504;7.60191;6.18574e-05;8.21066e-06;8.47129e-05;0.000101318;16.7968;4569;0;0;7711;228.9;240.3;230.25;240.45;52091.2;21714.7;51517;21660.2;
1680;2;0.0525181;0.0124367;0.0494402;0.0336091;7.6414;6.05187e-05;7.85063e-06;8.43993e-05;0.000107615;23.2735;4635;0;0;8125;230.2;241.4;231.2;241.75;49545.2;24013.5;49119;23860.5;
1690;2;0.0524643;0.0124718;0.0496453;0.033826;7.65348;5.8584e-05;8.17838e-06;8.47828e-05;0.000107397;18.0975;4649;0;0;8306;228.9;241.9;229.6;242.25;51219.3;24343.5;50926.7;24195;
1700;2;0.0521972;0.0124115;0.0497245;0.0341376;7.59028;5.85797e-05;8.14504e-06;8.24076e-05;0.000113699;27.6252;4634;0;0;8143;228.3;242.2;229.3;242.35;49073.3;24370.1;48670.1;24302.8;
1710;2;0.0524185;0.0124002;0.0499364;0.0345365;7.69424;5.82848e-05;8.02039e-06;7.8117e-05;0.000113259;31.6922;4648;0;0;8249;231.15;242.2;232.05;242.55;49080.1;23236.9;48709.2;23091.4;
1720;2;0.0525853;0.0123974;0.0495608;0.0343594;7.6784;5.52278e-05;8.43999e-06;8.36478e-05;0.000112144;19.6876;4629;0;0;8171;229.3;242.1;230.3;242.1;52202.4;22738.5;51777.8;22736.1;
1730;2;0.0528361;0.0124085;0.0495698;0.034481;7.59324;5.69296e-05;8.06085e-06;7.99852e-05;0.000112025;15.8153;4633;0;0;8163;229.2;242;230.35;242.5;50888.1;24618.6;50398.2;24393.4;
1740;2;0.0529918;0.0123016;0.049578;0.0348773;7.56761;5.64399e-05;8.42915e-06;8.3516e-05;0.000119164;18.7982;4653;0;0;8160;229.25;243;230.85;243.05;50835.7;24460.5;50171.8;24435;
1750;2;0.0529382;0.0122629;0.0499751;0.0353568;7.6842;5.57507e-05;8.28486e-06;8.24575e-05;0.000122838;16.8263;4634;0;0;8021;228;242.65;229.35;242.7;47667.5;22551;47102;22530;
1760;2;0.0529935;0.0121896;0.0501765;0.0353348;7.623;5.26026e-05;8.03048e-06;7.91114e-05;0.00011871;18.9552;4632;0;0;8035;229.45;241.1;230.55;241.15;50631.5;23207.7;50166.6;23178.9;
1770;2;0.0530194;0.0121297;0.0501859;0.0353319;7.57158;5.17452e-05;7.81302e-06;7.48252e-05;0.000114865;17.2641;4590;0;0;7569;228.6;240.25;229.65;240.25;48772.2;23643.4;48324.3;23639.1;
1780;2;0.0527286;0.0121467;0.0500883;0.0356174;7.65014;5.37541e-05;8.48e-06;7.51468e-05;0.000122118;18.4826;4639;0;0;8118;228.5;242;229.85;242.05;49682.9;23200.8;49110.2;23176.6;
1790;2;0.0527168;0.0121081;0.0501712;0.0357687;7.7503;5.56489e-05;8.91642e-06;7.82781e-05;0.000124843;31.3664;4600;0;0;8328;227.85;240.85;229.4;241.05;50770.1;23079.3;50134.6;22990.4;
1800;2;0.052352;0.012195;0.0500741;0.0357104;7.65446;6.0213e-05;8.88479e-06;7.53258e-05;0.000123614;21.2821;4631;0;0;8099;229.35;242.7;230.6;242.7;48998.9;23669.3;48474.9;23666;
1810;2;0.052326;0.0121616;0.0502091;0.0357572;7.69248;6.30156e-05;8.54599e-06;7.37277e-05;0.000123435;16.1821;4641;0;0;8226;229.15;242;230.05;242.1;50741.3;22473;50355.4;22430.3;
1820;2;0.0521211;0.0120755;0.0502903;0.0357506;7.70545;6.51455e-05;8.41982e-06;7.34374e-05;0.00012298;16.4386;4646;0;0;8479;230.85;242.95;232.05;243.05;48195.5;22711.3;47694.6;22670.6;
1830;2;0.0522225;0.0120643;0.0505749;0.0354167;7.73216;6.47314e-05;8.64209e-06;7.29478e-05;0.000118521;16.9227;4627;0;0;8373;228.7;241.75;229.6;241.9;50751.2;22991.8;50367.5;22927.8;
1840;2;0.0519074;0.0121636;0.0504118;0.0354475;7.68609;6.5172e-05;9.37849e-06;7.72844e-05;0.000116505;16.5483;4609;0;0;8051;229;240.85;229.95;240.95;48486.1;21740.9;48071.6;21697.3;
1850;2;0.052295;0.0121648;0.0505896;0.0358039;7.71072;6.94095e-05;8.98674e-06;7.55803e-05;0.000119756;19.0619;4612;0;0;7969;230.05;241.5;231.05;241.6;50539;21546.5;50112.3;21504.5;
1860;2;0.0522262;0.0120609;0.0505443;0.0364457;7.70638;6.88761e-05;8.3379e-06;7.84362e-05;0.000127859;30.6147;4628;0;0;7769;229.45;241.6;230.75;241.75;46688.9;22719;46132.7;22655.2;
1870;2;0.0521903;0.012017;0.0503268;0.0363465;7.79562;6.54927e-05;8.35557e-06;8.47919e-05;0.000127906;60.301;4624;0;0;8137;229.1;241.55;230.5;241.6;47524.6;22255.4;46930.8;22233.9;
1880;2;0.0519946;0.0120878;0.0504629;0.0360893;7.6166;6.70098e-05;9.0383e-06;8.72339e-05;0.000125941;28.6135;4621;0;0;8109;228.2;241.45;229.45;241.6;47418.6;24356.4;46903.1;24285.1;
1890;2;0.0521699;0.012053;0.0504362;0.036283;7.71067;6.79902e-05;9.10298e-06;8.75791e-05;0.000126518;16.8826;4625;0;0;8463;229.65;240.65;230.7;240.8;48554.3;23277.4;48117.2;23216.9;
1900;2;0.0524026;0.0120384;0.0503274;0.0367066;7.76573;7.00505e-05;8.44965e-06;8.99904e-05;0.000130107;27.3177;4614;0;0;8180;228.55;240.85;229.6;241;49726.4;22303.6;49288.8;22242.3;
1910;2;0.0523594;0.0121531;0.0503211;0.0366438;7.86196;6.75353e-05;8.29136e-06;9.25677e-05;0.000128138;56.8762;4619;0;0;7851;228.05;241.25;229.2;241.25;47945.2;21424.3;47458.3;21423.6;
1920;2;0.0522305;0.0121654;0.0505724;0.0368043;7.63782;6.62061e-05;8.25469e-06;9.57044e-05;0.000127478;16.682;4641;0;0;8241;229.3;241.45;230.7;241.65;48653.4;24544.4;48068.3;24460;
1930;2;0.0521646;0.0120817;0.0507538;0.0369954;7.72129;6.80889e-05;8.60792e-06;9.41372e-05;0.00012464;17.5952;4644;0;0;8599;230.25;241.2;231.55;241.35;47374.5;22786.9;46832.3;22729.4;
1940;2;0.0522528;0.0119443;0.0503931;0.037709;7.73546;6.75038e-05;8.44753e-06;9.51244e-05;0.000127433;17.6679;4634;0;0;8636;229.75;241;230.55;241.05;47668;23434.6;47325.3;23416.8;
1950;2;0.0524938;0.0120129;0.0508094;0.0376941;7.61966;6.89217e-05;7.59427e-06;9.77747e-05;0.00012509;16.4528;4650;0;0;8058;228.2;241.45;229.35;241.5;48287.2;23278.6;47807.7;23255;
1960;2;0.0523331;0.0119997;0.050993;0.0373815;7.77803;6.78165e-05;7.32082e-06;9.4679e-05;0.000125415;17.2216;4633;0;0;8221;227.5;241.7;228.55;241.7;46182.6;20758.1;45747.6;20754.8;
1970;2;0.0523685;0.0120483;0.0507706;0.0376222;7.67409;6.66384e-05;7.39695e-06;9.11528e-05;0.000118257;15.9951;4653;0;0;8122;230.5;242.2;231.55;242.25;49351.6;21408.1;48903.8;21386.7;
1980;2;0.0524441;0.0120603;0.0506925;0.0372529;7.63957;6.53658e-05;7.04048e-06;9.09664e-05;0.000118041;16.3816;4630;0;0;7980;228.05;241.85;229.05;241.9;50108.7;21932.5;49692.7;21919.8;
1990;2;0.052502;0.0120851;0.0506148;0.0372285;7.69181;6.52992e-05;6.65537e-06;8.7678e-05;0.000118687;16.6206;4648;0;0;8007;229.4;241.7;230.8;241.95;51091.7;22034.9;50518.6;22035.9;
2000;2;0.0527668;0.0121169;0.0508273;0.03699;7.64241;7.1774e-05;7.03921e-06;8.67192e-05;0.000118671;16.0811;4628;0;0;8020;228.45;241.7;229.4;241.9;49425;22492.3;49015.9;22409.3;
2010;2;0.0530055;0.012085;0.051207;0.0367995;7.67721;7.12692e-05;7.00842e-06;8.8515e-05;0.000121397;16.3154;4655;0;0;8252;229.2;242.6;230.15;242.65;47560.9;23739.2;47159.5;23716.4;
2020;2;0.0533717;0.0121486;0.0514134;0.0364787;7.63041;6.96023e-05;6.98683e-06;8.74332e-05;0.000121888;15.9239;4640;0;0;8125;228.2;242.95;229.3;243.2;50564.8;23649.9;50094.1;23541.3;
2030;2;0.0535936;0.0120843;0.0512834;0.0364964;7.65517;7.07239e-05;7.37329e-06;8.56232e-05;0.000127048;21.2865;4594;0;0;7632;228.75;240.75;230.15;240.95;49430.5;22563.2;48837.9;22473.4;
2040;2;0.053361;0.012144;0.0511846;0.0368418;7.72468;6.89423e-05;7.36351e-06;8.66019e-05;0.000129855;43.1609;4637;0;0;7876;229.45;241.7;230.25;241.7;47886.9;22401.4;47544.5;22399.6;
2050;2;0.05352;0.0120796;0.0508241;0.0372784;7.73544;6.84483e-05;7.47792e-06;8.66259e-05;0.00013007;55.4277;4654;0;0;8072;231.4;243.45;232.35;243.45;48443.9;22857.5;48037.2;22855.4;
2060;2;0.0537626;0.0120721;0.0510075;0.0376078;7.81517;6.82918e-05;6.65962e-06;8.63958e-05;0.000143017;89.0046;4641;0;0;8247;228.85;242.5;229.95;242.65;46277.5;23821;45821.9;23753.9;
2070;2;0.0539113;0.0120894;0.0509422;0.0376411;7.66715;6.72577e-05;7.18046e-06;8.2745e-05;0.000132371;129.474;4646;0;0;7399;229.95;242.2;231.2;242.3;48773.6;22153.4;48237;22111.5;
2080;2;0.0538407;0.012023;0.0508386;0.0372276;7.6582;6.79501e-05;7.47868e-06;8.32449e-05;0.000128498;17.9599;4624;0;0;8139;229.8;242.05;230.9;242.15;50261.7;22908.7;49794.9;22865.4;
2090;2;0.0536397;0.0120204;0.0513055;0.0374029;7.62385;6.75785e-05;7.56238e-06;8.39287e-05;0.000129255;16.8579;4605;0;0;8138;228.95;242.05;229.75;242.15;47223.2;23167;46893.7;23123.4;
2100;2;0.0536072;0.0119673;0.051379;0.0377996;7.66772;7.06856e-05;7.90381e-06;8.14604e-05;0.000129494;23.0841;4651;0;0;8458;230.55;241.7;231.1;241.95;47272.9;23725.1;47033.3;23630.6;
2110;2;0.0538461;0.0120492;0.051476;0.0384728;7.68899;6.45498e-05;8.0345e-06;8.17207e-05;0.000132406;39.7116;4654;0;0;8180;230.5;242;231.05;242.1;47875.4;23740.5;47637.5;23692.2;
2120;2;0.053852;0.0120819;0.0515655;0.0387309;7.44585;6.83301e-05;7.58166e-06;8.38539e-05;0.000134096;16.3075;4637;0;0;7629;230.05;242.65;231.1;242.7;51035.3;24502.4;50595.5;24479.6;
2130;2;0.0538542;0.012066;0.0515265;0.038826;7.63676;7.05147e-05;7.10433e-06;8.29164e-05;0.000135465;16.1254;4622;0;0;7803;231.05;240.6;232;240.65;52218.2;22586.5;51806.8;22563.6;
2140;2;0.0538853;0.0121396;0.051739;0.0388405;7.66678;7.01329e-05;7.78806e-06;8.34828e-05;0.000134963;19.7259;4629;0;0;7949;229.65;241.3;230.5;241.3;47775.5;22942.1;47411.4;22940.1;
2150;2;0.0539073;0.012145;0.05202;0.0388543;7.59687;6.85957e-05;8.381e-06;8.76376e-05;0.000135595;16.3605;4646;0;0;8213;229.2;242.4;230.05;242.7;49052.4;25003.3;48689.7;24873.4;
2160;2;0.0537978;0.0122239;0.0519243;0.0385548;7.5286;6.82127e-05;8.74782e-06;8.5724e-05;0.000134375;16.3912;4616;0;0;8062;230;241.75;231.05;242;49241.5;24838.2;48812.7;24731.9;
2170;2;0.0538124;0.0121528;0.0521747;0.0386624;7.59706;6.89336e-05;7.8438e-06;8.4357e-05;0.00013329;16.3632;4616;0;0;8070;229.85;242.1;230.85;242.2;50113.5;23822.7;49687.6;23779.7;
2180;2;0.053912;0.0121047;0.0518305;0.0384635;7.54386;6.91296e-05;8.54676e-06;8.61711e-05;0.000137408;15.9897;4636;0;0;8136;229.6;242.05;230.4;242.1;49489;24360.6;49143.8;24339.2;
2190;2;0.0538592;0.0120402;0.0516413;0.0387921;7.68412;6.96745e-05;8.6337e-06;8.53092e-05;0.000139375;17.7469;4654;0;0;8285;231.7;242.25;232.4;242.25;49213.6;22736.4;48914.7;22735.2;
2200;2;0.0538354;0.0121471;0.0518194;0.0391398;7.61827;7.11065e-05;8.09865e-06;8.59029e-05;0.000135745;17.3058;4621;0;0;7901;228.65;242.5;229.6;242.6;51832.1;23074.5;51436.2;23030.6;
2210;2;0.0537733;0.0119942;0.0513714;0.0389875;7.62784;7.14604e-05;7.60651e-06;8.82809e-05;0.000134838;17.0404;4624;0;0;8110;231.35;241.6;232;241.6;49152.1;23218.8;48877.8;23218.1;
2220;2;0.0539278;0.0119383;0.0508682;0.0388234;7.61796;7.24847e-05;7.44249e-06;8.77081e-05;0.000139385;20.1716;4663;0;0;8025;230;242.45;231;242.7;48717.7;23633.9;48296.7;23524.7;
2230;2;0.0538775;0.0118958;0.0509534;0.0388429;7.75199;7.45987e-05;7.46078e-06;9.08778e-05;0.000137826;33.9068;4621;0;0;8094;229.9;242;230.95;242.1;47455.2;22916.6;47015.7;22875.5;
2240;2;0.0539127;0.0119611;0.0512642;0.0393279;7.78189;7.68372e-05;7.25201e-06;8.86297e-05;0.000136008;57.8072;4666;0;0;8381;229.7;242.4;230.4;242.4;48893.3;22797.9;48595.7;22795.8;
2250;2;0.0546581;0.0120596;0.0513407;0.03909;7.68982;7.19486e-05;7.24646e-06;9.01047e-05;0.000129494;95.337;4624;0;0;7886;230.75;242.5;231.85;242.7;49611.9;24059.6;49134.3;24021.1;
2260;2;0.0547381;0.0120981;0.0515163;0.0389779;7.57304;7.16877e-05;7.00668e-06;9.41373e-05;0.000125583;31.3905;4630;0;0;7889;231.85;242.9;232.85;242.95;50232.1;24350.7;49843.3;24326.2;
2270;2;0.0544187;0.0120646;0.0521165;0.0391909;7.65251;7.36924e-05;7.09896e-06;9.26797e-05;0.000124812;54.6692;4623;0;0;8031;228.8;242.45;229.4;242.5;47870;23957.2;47615.7;23936.3;
2280;2;0.0544355;0.0121364;0.0523486;0.0395084;7.61321;7.91354e-05;6.63606e-06;9.72731e-05;0.000131559;16.328;4650;0;0;8236;230.45;242.45;231.35;242.65;50670.8;24049.8;50291.5;23973.6;
2290;2;0.0548042;0.0120949;0.052006;0.0392812;7.54132;7.74638e-05;6.75096e-06;9.95288e-05;0.000119107;16.0717;4590;0;0;7707;231.15;242.7;232;242.75;52797.7;24029.3;52438.8;24007.6;
2300;2;0.0550706;0.0121105;0.0516024;0.0393986;7.58038;7.67836e-05;7.0771e-06;9.93108e-05;0.000120295;17.0862;4637;0;0;8093;230;243;230.65;243.15;51059.1;23746.5;50784.2;23683.8;
2310;2;0.0553422;0.0119406;0.051611;0.0395029;7.44891;8.37058e-05;6.31108e-06;0.00010349;0.000118807;15.5741;4623;0;0;7857;229.05;242.65;229.9;242.8;48073.5;24758.3;47713.7;24697;
2320;2;0.0553937;0.011937;0.0515228;0.0390681;7.57164;8.27932e-05;6.25289e-06;0.000104557;0.000122702;16.7094;4618;0;0;8105;229.45;241.95;230.2;242;49418.9;23768.7;49104.2;23746.9;
2330;2;0.0553529;0.0119296;0.0515768;0.0393596;7.65336;8.33318e-05;6.16444e-06;0.00010429;0.00012525;16.571;4614;0;0;7971;229.25;242.45;229.95;242.45;47760.3;22428.6;47462.5;22427.5;
2340;2;0.0558296;0.0118583;0.0518569;0.0392432;7.60664;8.21325e-05;6.06629e-06;0.000104857;0.000132256;16.118;4631;0;0;7960;229.7;243.1;230.6;243.2;51734.1;23068.8;51344.9;23034.8;
2350;2;0.0557098;0.0118418;0.0518097;0.0392981;7.64632;7.47532e-05;5.77944e-06;0.000109442;0.000134909;17.0952;4623;0;0;8041;228.55;241.3;229.25;241.45;47185.9;22278.9;46888.3;22217;
2360;2;0.0556065;0.011873;0.0514951;0.0394616;7.68626;8.11122e-05;6.07569e-06;0.000110155;0.000133923;21.4211;4633;0;0;8186;228.25;241.85;229.2;241.95;50849.8;22896.4;50444.3;22853.3;
2370;2;0.0553785;0.0118236;0.0512658;0.0397622;7.70253;8.15704e-05;6.38716e-06;0.000110199;0.000131335;35.5226;4616;0;0;8132;230.65;242.25;231.85;242.4;49103.4;23243.1;48597.2;23175.8;
2380;2;0.0551124;0.011781;0.0511398;0.0393267;7.68264;8.07082e-05;6.29287e-06;0.000108948;0.000130931;16.5709;4633;0;0;8091;228.05;242.4;228.8;242.55;49221.5;22256.2;48890.9;22189.7;
2390;2;0.0552016;0.0117784;0.0508147;0.0392313;7.64153;8.04736e-05;5.97405e-06;0.000109945;0.00012588;16.3601;4660;0;0;7692;230.45;241.85;231.4;241.85;49881.9;21417.3;49484;21414;
2400;2;0.0554969;0.0118545;0.0506986;0.0392317;7.55841;8.07812e-05;6.70987e-06;0.000114197;0.000122983;16.975;4648;0;0;8069;229.2;242.4;229.85;242.65;51254.1;24705.3;50976.8;24599.9;
2410;2;0.0557857;0.0119445;0.0506912;0.0394461;7.56478;8.4335e-05;7.62112e-06;0.000120105;0.000127492;16.3081;4609;0;0;7680;229.9;241.9;230.7;242;47798.2;22582.3;47462.1;22539.3;
2420;2;0.0561665;0.0119454;0.0510341;0.0394688;7.57821;8.51778e-05;7.08592e-06;0.00012084;0.000124921;16.5258;4647;0;0;8453;230.5;242.6;231.3;242.6;50025.1;25126.2;49689.2;25125.8;
2430;2;0.0563769;0.0119261;0.0508808;0.0393055;7.51442;8.54688e-05;6.75195e-06;0.000121168;0.000126553;16.4965;4650;0;0;7822;229.8;242.8;230.6;242.95;50268.3;24224.3;49930.2;24155.1;
2440;2;0.0561325;0.0119585;0.0507369;0.039616;7.52242;8.41901e-05;6.39071e-06;0.000117659;0.000136478;16.1393;4662;0;0;7848;229.5;242.5;230.3;242.55;51430.4;24274.6;51082.2;24249.6;
2450;2;0.055831;0.0118856;0.0509907;0.0400373;7.59186;8.557e-05;6.76055e-06;0.000111297;0.000130074;23.5245;4640;0;0;8028;228.6;242.3;229.15;242.3;50125.7;24407.2;49899.4;24404.8;
2460;2;0.0556934;0.0118027;0.0505913;0.0402188;7.78478;8.5525e-05;6.7544e-06;0.000112411;0.000133558;40.1394;4650;0;0;8396;228.35;242.2;229;242.25;50451;22308;50176.9;22287.6;
2470;2;0.0557001;0.0117891;0.050626;0.0397952;7.64726;8.67427e-05;6.86425e-06;0.000119538;0.000139731;17.521;4629;0;0;8172;229.1;242.45;229.6;242.45;51894.7;23378.1;51678.1;23378.1;
2480;2;0.05597;0.0116178;0.0504182;0.0401616;7.7172;8.55884e-05;7.21585e-06;0.000115877;0.000138289;27.7942;4605;0;0;8020;229.85;241.05;231;241.2;49685.6;22156.1;49190.3;22097.4;
2490;2;0.056343;0.0115619;0.0504439;0.0400895;7.74767;8.68676e-05;6.45157e-06;0.000122411;0.000132215;47.7062;4637;0;0;7952;227.55;242.35;228.6;242.45;49371.8;22473.8;48926.5;22432.3;
2500;2;0.0560868;0.0116614;0.050528;0.0401991;7.7108;8.43731e-05;6.31798e-06;0.000127928;0.000127298;29.4512;4633;0;0;8008;230.1;241.2;230.65;241.25;47088.4;22791.2;46852.2;22772.9;
2510;2;0.0559961;0.0116694;0.0506172;0.0399979;7.69715;8.77108e-05;6.71793e-06;0.000131276;0.000124412;31.1857;4666;0;0;8014;230.9;242.75;231.95;242.8;50944.2;22579.1;50487.7;22558.7;
2520;2;0.0562087;0.011662;0.050985;0.0401754;7.69153;9.02224e-05;6.51792e-06;0.00013703;0.00012908;29.3983;4638;0;0;8016;229.75;241.15;231.1;241.15;49325.8;23039.6;48754.9;23038.5;
2530;2;0.0560503;0.0116453;0.0506946;0.0402752;7.77721;9.11678e-05;6.25761e-06;0.000145243;0.00011665;59.3595;4645;0;0;8124;230.45;242.25;231.15;242.3;50755.4;23502.3;50454.7;23485.3;
2540;2;0.0565702;0.0117106;0.0508042;0.0398704;7.73733;9.62934e-05;6.49545e-06;0.000142622;0.000117106;81.0051;4626;0;0;7918;229.9;241.1;230.7;241.15;49875.8;23677.8;49526.2;23653.9;
2550;2;0.0564652;0.0117658;0.0509714;0.0393889;7.73905;9.69895e-05;7.02472e-06;0.000142376;0.000113308;22.5252;4617;0;0;8045;230.65;241.75;231.7;241.75;50662.3;21434;50208.7;21432.9;
2560;2;0.0569727;0.0118326;0.0511345;0.0392316;7.68343;0.000101301;7.09195e-06;0.000150232;0.000110331;36.8306;4619;0;0;8275;230.2;242.05;231.05;242.15;50747.3;23897.1;50387.3;23850.7;
2570;2;0.0569822;0.0119486;0.0512682;0.0396738;7.56405;0.000100319;7.59571e-06;0.000149785;0.000110022;18.5861;4640;0;0;8060;229.95;243.25;230.7;243.35;48645.5;23858.9;48333.3;23809.8;
2580;2;0.0570228;0.0118511;0.0516973;0.0395892;7.65633;0.00010436;8.33962e-06;0.000149582;0.000108812;18.6714;4644;0;0;8124;229.6;242.35;230.5;242.35;50484.3;23558.3;50097.1;23555.8;
2590;2;0.0569096;0.0117413;0.0520418;0.0400462;7.63778;0.000106101;8.0093e-06;0.000148967;0.0001147;29.6818;4650;0;0;8172;229.25;242.85;230.05;243.05;48678.7;24837.9;48338.2;24752.6;
2600;2;0.05682;0.0116251;0.0515452;0.0396585;7.56035;0.000102897;7.77562e-06;0.000146284;0.000115764;16.8259;4613;0;0;7879;228.7;240.9;229.3;241.1;49441.3;23522;49183.7;23481.5;
2610;2;0.0563411;0.0116771;0.0515007;0.0397771;7.61594;0.000106853;7.40721e-06;0.000152334;0.000117374;17.0292;4630;0;0;8106;229.4;241.75;230.2;241.85;47932.8;23763.8;47594.7;23724.4;
2620;2;0.0567029;0.0116853;0.05125;0.039645;7.72997;0.000106565;7.52916e-06;0.000153699;0.000111864;17.9085;4608;0;0;8555;229.7;240.75;230.4;240.95;50454.7;23117.3;50160.2;23042.9;
2630;2;0.0568255;0.0116393;0.0508389;0.0396487;7.73212;0.000104759;7.56353e-06;0.000155637;0.000115986;21.4634;4626;0;0;8228;229.75;241.8;230.35;241.8;49198.7;22144.1;48945.9;22143.2;
2640;2;0.0563348;0.0116521;0.0507868;0.0399669;7.66301;0.000106674;7.04156e-06;0.00015106;0.00011558;29.9012;4632;0;0;8083;229.2;241.75;230.6;241.75;51540.8;23677.3;50956;23672.8;
2650;2;0.05651;0.0116638;0.0505113;0.0401411;7.67799;0.000101448;6.74981e-06;0.000161277;0.000116535;43.9453;4652;0;0;8133;230.35;241.55;231.2;241.7;49044.9;24074.4;48693.9;24049.7;
2660;2;0.0564291;0.0117148;0.050741;0.0402617;7.66724;0.000106811;7.13505e-06;0.000166308;0.0001169;29.054;4650;0;0;7836;229.95;241.3;230.6;241.3;53442.1;23120.4;53169.2;23120.4;
2670;2;0.0568436;0.0117281;0.0506501;0.0402389;7.66537;0.000105788;7.45692e-06;0.000177587;0.000113453;16.7448;4632;0;0;8262;230.8;241.95;231.45;241.95;51278.8;23154.2;51003.1;23152.1;
2680;2;0.056283;0.011592;0.0508345;0.0399849;7.6516;0.000108756;7.07329e-06;0.000185955;0.000116238;17.413;4608;0;0;8228;229.25;241.65;230;241.7;47307.1;23761.6;46991.7;23739.6;
2690;2;0.0564981;0.0115734;0.0510034;0.0398084;7.6796;0.000114989;6.60568e-06;0.000185372;0.0001152;16.9743;4660;0;0;8491;228.95;242.65;229.35;242.65;44403.4;22505.1;44234.5;22503;
2700;2;0.0567659;0.0115455;0.0509152;0.0397533;7.53208;0.000116667;6.21923e-06;0.000184026;0.000116809;16.2821;4649;0;0;8293;228.75;241.2;229.6;241.3;48525.7;25538.1;48172.8;25493.7;
2710;2;0.056919;0.0116022;0.0509381;0.0398929;7.64373;0.000117694;6.49071e-06;0.000188706;0.000108728;17.0671;4661;0;0;7859;228.95;241.65;229.65;241.65;50827.5;22990.7;50533.3;22990.6;
2720;2;0.0570417;0.0116274;0.0513176;0.0399801;7.63105;0.000118011;7.00076e-06;0.000195193;0.000106101;16.1999;4632;0;0;8221;229.3;242.55;230;242.55;49710.2;23690;49408.1;23689;
2730;2;0.0568301;0.0117459;0.0511351;0.0401815;7.56731;0.000116718;6.98439e-06;0.000192387;0.000104351;16.1123;4640;0;0;8101;230.05;242.35;230.6;242.35;50723.2;24352.3;50483;24348.9;
2740;2;0.0571338;0.0117588;0.0515953;0.0402001;7.54284;0.000118081;6.89256e-06;0.000190018;0.000103068;18.3666;4653;0;0;8150;228.8;242.25;229.35;242.25;49035.4;25715.2;48801.4;25715.2;
2750;2;0.0574855;0.0117719;0.0521059;0.0403522;7.75914;0.000120928;6.76753e-06;0.000190065;0.0001021;16.8036;4671;0;0;8102;230.15;242.35;231.15;242.4;50022.2;22348.9;49590.1;22328;
2760;2;0.0574262;0.0117911;0.0520308;0.0404635;7.68616;0.000118599;6.79996e-06;0.000187941;0.000104107;17.7763;4629;0;0;8300;231.3;241.95;231.9;241.95;49180.5;23167.5;48924.5;23165.3;
2770;2;0.0567447;0.0117819;0.0522078;0.0404286;7.62189;0.000117114;6.60597e-06;0.000184148;0.000103462;24.3283;4615;0;0;7964;229;241.7;229.5;241.7;47790.7;23850.2;47578.9;23850.2;
2780;2;0.0567469;0.0117845;0.0519082;0.0401456;7.71386;0.000115931;6.5845e-06;0.00019302;0.000105001;40.7509;4629;0;0;8178;230.9;241.5;231.45;241.5;49768.1;22915.1;49524.7;22915.1;
2790;2;0.0569704;0.0117768;0.0518262;0.0401203;7.59379;0.000119351;6.80376e-06;0.000193958;0.000104819;66.3274;4637;0;0;7929;229.8;241.25;230.55;241.25;48853.3;25538.4;48531.1;25538.3;
2800;2;0.0574134;0.0118037;0.0518963;0.039974;7.62779;0.000117478;7.25993e-06;0.000191487;0.000106327;16.6936;4638;0;0;7980;229.65;242.65;230.85;242.7;50632.1;23439.1;50121.2;23418.3;
2810;2;0.0574475;0.0118379;0.0514028;0.0402481;7.56635;0.000116362;7.70473e-06;0.000193019;0.000111633;17.1217;4612;0;0;8120;229.45;242.25;230.2;242.35;48595.6;24537.1;48277.7;24496.2;
2820;2;0.057097;0.0118153;0.0514211;0.040574;7.66233;0.000109967;7.66858e-06;0.000202795;0.00011275;33.1886;4658;0;0;7953;229.45;243.1;229.85;243.1;49306.4;24041.9;49128.6;24041.8;
2830;2;0.0574081;0.0119296;0.0525965;0.0406164;7.70385;0.000113212;8.11607e-06;0.000214079;0.000113186;48.2855;4624;0;0;8081;228.75;241.3;229.55;241.3;52305.2;23331.3;51966.8;23330.2;
2840;2;0.0573124;0.0117301;0.0527813;0.0408661;7.76147;0.00010799;8.10102e-06;0.000215067;0.000107849;78.8798;4617;0;0;8036;229.4;240.1;230.4;240.15;49739.5;22944.6;49306.2;22923.8;
2850;2;0.0569755;0.0116634;0.0526554;0.0407837;7.64266;0.000112028;8.28852e-06;0.00020969;0.000111189;17.0529;4646;0;0;8010;227.85;241.4;228.55;241.4;48065.7;23664.8;47767.5;23663.7;
2860;2;0.0570894;0.011635;0.0529447;0.0406105;7.65214;0.000113313;8.19885e-06;0.000208852;0.000108449;16.581;4609;0;0;7733;229.45;240.5;230.7;240.5;49045.2;22042.8;48507.1;22041.5;
2870;2;0.0569106;0.0115821;0.0527982;0.040463;7.58607;0.000106998;8.38146e-06;0.000198503;0.000108712;18.6183;4617;0;0;8005;228.5;241.75;229.05;241.75;50528.4;23573.7;50294.2;23573.6;
2880;2;0.0567175;0.0116135;0.0530092;0.0410674;7.73522;0.000108096;7.74083e-06;0.000187182;0.000113728;17.1293;4630;0;0;8432;230.15;241.15;231.05;241.15;47312.9;22592.1;46929.4;22591;
2890;2;0.0568637;0.0116479;0.0528793;0.0408736;7.60988;0.000105343;7.55414e-06;0.000186729;0.000113585;16.3672;4667;0;0;8288;230.5;242.6;231.2;242.6;51449.2;24064.2;51142.5;24064.2;
2900;2;0.0566895;0.0115738;0.052481;0.0406866;7.68852;0.000106425;8.03726e-06;0.000184162;0.000114564;17.0364;4620;0;0;8367;228.85;240.75;229.25;241.05;47656.4;23549.3;47488;23458;
2910;2;0.0561859;0.0115302;0.0523053;0.0408858;7.71184;0.000107397;7.63726e-06;0.000182597;0.000119676;17.5648;4608;0;0;8087;229.05;239.55;229.9;239.55;47454.7;22513.5;47091.2;22513.5;
2920;2;0.0564857;0.0115994;0.0519302;0.0410822;7.53675;0.000105312;8.13276e-06;0.00018887;0.000121906;16.7348;4607;0;0;8003;229.65;240.95;230.25;241.05;50159.6;25108.3;49902.1;25065.4;
2930;2;0.0568043;0.0116123;0.051917;0.0412595;7.67613;0.00010558;7.79445e-06;0.00019107;0.000117565;20.6091;4634;0;0;8520;229.8;241.8;230.65;241.8;46359.1;24521.8;45994.4;24519.7;
2940;2;0.0569238;0.0116827;0.0519905;0.0412628;7.65733;0.000110747;7.72162e-06;0.000193219;0.000123077;16.4746;4635;0;0;8498;230.95;242.5;231.5;242.5;50732.6;24332.5;50497.9;24329.5;
2950;2;0.0569665;0.0117059;0.0522667;0.0415851;7.69115;0.000108655;8.06842e-06;0.000188788;0.000118145;16.9882;4606;0;0;8339;230.35;241.9;230.85;241.95;47497.7;22808.7;47282.2;22784.8;
2960;2;0.0570435;0.0116661;0.0516637;0.0413152;7.8313;0.000107003;8.39166e-06;0.000186798;0.000120373;31.0041;4619;0;0;8477;229.35;241.9;230.2;241.9;47232.2;22276.3;46873.9;22275.3;
2970;2;0.0571119;0.0116641;0.0519605;0.0412435;7.76758;0.000105277;7.85056e-06;0.000184616;0.000118964;64.9077;4612;0;0;8206;229.75;241.7;230.3;241.7;46695.5;24113.8;46461.8;24113.8;
2980;2;0.057347;0.0116567;0.0521362;0.0408937;7.59642;0.000105842;8.39071e-06;0.000192388;0.000121454;16.7461;4655;0;0;8367;230.35;242.35;231.05;242.55;47400;25046.4;47102.7;24965.1;
2990;2;0.056584;0.0116877;0.0527455;0.0410827;7.66551;0.000109963;8.42177e-06;0.000190602;0.000120119;18.4197;4650;0;0;8279;229.8;241.4;230.55;241.45;49971.7;24214.1;49650.9;24193.1;
3000;2;0.0567866;0.0116999;0.0531175;0.0414232;7.62975;0.000105186;8.64744e-06;0.000199271;0.000124017;19.4322;4641;0;0;8277;230.3;241.7;231.15;241.95;50863.9;24718.8;50511.9;24627.1;
3010;2;0.0569995;0.0116598;0.0531869;0.0413114;7.62994;0.000111148;8.9957e-06;0.00020491;0.000124067;19.9435;4600;0;0;8096;229.95;241.55;230.6;241.55;48906.8;23224.9;48624.9;23218;
3020;2;0.056695;0.0116602;0.0528936;0.0415254;7.66519;0.000115716;8.95863e-06;0.000196083;0.000126968;33.7817;4597;0;0;8199;229.85;241.5;230.55;241.5;49085;23809.1;48794.6;23809.1;
3030;2;0.0568341;0.0117578;0.0527179;0.0421973;7.66475;0.000108335;8.3054e-06;0.00019;0.000132151;22.8762;4658;0;0;8189;230.55;242;231.15;242.05;46747.6;23775;46494.4;23754.7;
3040;2;0.0568571;0.011758;0.0531456;0.0425035;7.62734;0.000105539;7.65589e-06;0.000189885;0.000125509;17.3446;4614;0;0;7980;230;242.1;230.85;242.2;51156.8;23520.5;50795.7;23479.4;
3050;2;0.0566856;0.0117827;0.0529686;0.0428227;7.66512;0.000106662;7.90102e-06;0.000185779;0.000129284;17.0323;4645;0;0;8295;228.9;241.8;229.65;242;51786.5;23259.6;51536.1;23242.9;
3060;2;0.056889;0.0118616;0.0528213;0.0428449;7.54269;0.000107416;7.81136e-06;0.000190172;0.000125645;16.2855;4635;0;0;7887;229.1;241.7;229.75;241.85;50993.9;24381.9;50713.8;24359.1;
3070;2;0.0566516;0.0119045;0.0527631;0.0431362;7.67072;0.000107929;7.67837e-06;0.000197409;0.000127817;18.464;4631;0;0;8125;230.75;242.4;231.05;242.45;49157.6;22942.4;49028.9;22918.3;
3080;2;0.0563747;0.0118387;0.0525715;0.0429489;7.65725;0.000101747;8.13294e-06;0.00019906;0.000125374;30.3665;4666;0;0;7931;228.6;242.45;229.3;242.5;48140.5;23213.5;47841.6;23187.6;
3090;2;0.0565125;0.0118876;0.0530147;0.0429276;7.60065;9.91873e-05;7.84748e-06;0.000202605;0.000128392;53.2191;4617;0;0;7903;227.95;241.9;228.5;241.9;49965;24862.7;49729.1;24859.6;
3100;2;0.0567016;0.0118687;0.0526852;0.0427426;7.65778;9.79969e-05;7.51105e-06;0.000202787;0.000128344;17.4847;4634;0;0;7951;229.25;241.45;229.85;241.5;49185.8;22622.2;48927.1;22601.7;
3110;2;0.0568008;0.0118927;0.0529474;0.0430259;7.57175;9.7673e-05;7.40125e-06;0.000205224;0.000129441;17.7036;4619;0;0;7985;231.25;241.9;231.5;242;47455.9;24079.4;47348.6;24118.4;
3120;2;0.0567692;0.0118965;0.0532837;0.0434528;7.58782;9.56419e-05;7.35603e-06;0.000205916;0.000134672;28.482;4651;0;0;8223;230.7;242.7;231.3;242.9;49968.6;24557.5;49784.4;24641.6;
3130;2;0.0565643;0.0118533;0.0533989;0.0433603;7.58766;9.76538e-05;7.33168e-06;0.000204864;0.000133461;17.1056;4669;0;0;8286;230.65;241.9;231.4;242.05;49153.1;23728.8;48833.9;23698.2;
3140;2;0.0562208;0.0117667;0.0535665;0.0435006;7.7203;9.723e-05;7.42059e-06;0.000202499;0.000132549;21.7473;4622;0;0;8230;232.45;242.15;233;242.3;50724.4;23126.9;50479.3;23105.9;
3150;2;0.0561821;0.0118366;0.0535085;0.0434537;7.56297;9.9265e-05;7.31053e-06;0.000210832;0.000139013;23.1146;4666;0;0;8018;229.85;242.45;230.65;242.45;50489.8;24399.6;50147.1;24397.2;
3160;2;0.0559278;0.0119049;0.0535748;0.0431979;7.48768;9.70932e-05;7.84202e-06;0.000204918;0.000137379;17.0515;4635;0;0;7967;230.05;242.4;230.4;242.5;47728;25784.4;47579;25737.6;
3170;2;0.0558702;0.0118957;0.0533372;0.0434781;7.52096;0.000103409;8.01249e-06;0.00020785;0.000139249;17.4374;4615;0;0;8121;228.35;241.75;228.75;241.75;49622.3;24925.4;49451.9;24925.4;
3180;2;0.0561114;0.011777;0.053315;0.0436156;7.58068;0.00010034;7.88906e-06;0.0002064;0.000134729;17.2596;4608;0;0;8044;230.3;242;231.15;242.05;49591.5;23874.9;49224.1;23853.7;
3190;2;0.0561696;0.0117359;0.0539156;0.0436717;7.70403;0.000100799;7.61479e-06;0.000204584;0.000132067;20.7457;4641;0;0;7938;229.45;241.65;229.8;241.75;49952.5;22361.9;49802.5;22321.7;
3200;2;0.0564496;0.01181;0.0539101;0.0435223;7.54832;0.000100145;7.94676e-06;0.000206393;0.000133885;16.9146;4635;0;0;8091;231.5;242.15;232.1;242.2;49747.1;24500.8;49519.3;24518.8;
3210;2;0.0564471;0.0117538;0.0542156;0.0436828;7.68221;9.56983e-05;7.7013e-06;0.000208311;0.000136372;17.3528;4641;0;0;8331;229.7;241.9;230.15;242.2;49703.9;23367.9;49510.2;23367.8;
3220;2;0.0563464;0.011775;0.0540004;0.043975;7.54314;9.72252e-05;7.98105e-06;0.000217189;0.000140264;16.8872;4628;0;0;7839;227.15;242.1;227.55;242.15;49165.6;24448.8;48991.2;24427;
3230;2;0.0564429;0.0116597;0.0534027;0.0443777;7.69453;9.86236e-05;7.83832e-06;0.000223847;0.000135952;22.6021;4649;0;0;8037;229.15;242.2;229.95;242.25;50875.2;22411;50532.3;22390;
3240;2;0.0569538;0.0117361;0.0529696;0.044434;7.5892;0.000101142;8.04167e-06;0.000229667;0.000132963;38.9617;4638;0;0;7849;229.9;241.95;230.4;241.95;51847.6;23832;51640.6;23826.8;
3250;2;0.0569911;0.0116748;0.0529716;0.0447002;7.64318;0.000102422;7.59364e-06;0.000219223;0.000132527;64.2096;4658;0;0;7707;229.3;242.6;229.85;242.6;51327.1;23138.8;51085.2;23137.7;
3260;2;0.0570225;0.0117021;0.053085;0.0448317;7.69751;0.000103866;7.75492e-06;0.000216135;0.000131638;101.139;4612;0;0;8002;228.75;241.05;229.7;241.15;49115.1;24300.1;48704.1;24257.5;
3270;2;0.0571395;0.0117513;0.0527568;0.0448477;7.61117;0.000106194;7.8174e-06;0.000214838;0.000133057;16.706;4628;0;0;8210;230.25;242.2;230.75;242.4;48111.2;23633.3;47897.4;23554.8;
3280;2;0.0570043;0.0116159;0.052686;0.0447437;7.57585;0.000102826;7.90307e-06;0.000205617;0.000130111;16.5656;4646;0;0;8146;228.9;241.6;229.55;241.65;51841.6;24664.9;51588.2;24643.6;
3290;2;0.0572067;0.0117373;0.0528473;0.0445671;7.56249;0.000102833;8.29828e-06;0.00020764;0.000119858;20.8812;4666;0;0;7921;229.5;242.7;230.05;242.7;50604.9;24668.4;50376.7;24668.3;
3300;2;0.0573057;0.0116585;0.0528826;0.0446889;7.64288;0.000101018;8.21611e-06;0.000204328;0.000120358;20.8003;4641;0;0;8171;229;242.45;229.5;242.45;46764.4;24315.2;46554.4;24315.2;
3310;2;0.057501;0.0117516;0.0531327;0.0444437;7.68619;9.74856e-05;8.42012e-06;0.000207156;0.00012139;17.5637;4659;0;0;8460;229.75;242.8;230.4;242.8;50324;23455.6;50047.6;23455.6;
3320;2;0.0578942;0.0117595;0.0530835;0.0443987;7.59242;9.86601e-05;8.98278e-06;0.000217099;0.000121512;16.6352;4640;0;0;8215;229.05;242.4;229.45;242.4;51937.2;23441.8;51768.9;23441.8;
3330;2;0.0575315;0.0117769;0.0527865;0.0442198;7.53169;9.97547e-05;8.92581e-06;0.000209669;0.000116994;15.7987;4654;0;0;8360;230;242.75;230.5;242.75;49125.5;26136.3;48917.1;26136.3;
3340;2;0.0575932;0.0117936;0.0526549;0.0438875;7.59399;9.60838e-05;8.63957e-06;0.000212253;0.000111662;21.1893;4663;0;0;8100;229.3;242.05;229.8;242.1;48393.7;24245.3;48181.2;24224.7;
3350;2;0.0574924;0.0118539;0.0530219;0.0439523;7.5782;9.61997e-05;8.68743e-06;0.000202019;0.000109438;16.8643;4607;0;0;8002;230.65;241.85;231.2;241.9;49342.5;23186.6;49107;23166.5;
3360;2;0.0574116;0.0117613;0.0525743;0.0440336;7.63492;9.28098e-05;7.72114e-06;0.000199241;0.000107841;23.1763;4603;0;0;8030;231;241.4;231.7;241.4;50521.1;23317.8;50220.6;23317.7;
3370;2;0.0574685;0.0117385;0.0527447;0.0439539;7.62353;9.53562e-05;7.59712e-06;0.000187885;0.000109296;16.191;4620;0;0;8273;229.4;241.95;229.9;241.95;49024.9;23638.4;48809.1;23638.3;
3380;2;0.0575331;0.011705;0.0525504;0.0436842;7.60254;0.000102515;7.74828e-06;0.000191318;0.000111044;19.8107;4632;0;0;8089;228.55;241.75;229.15;241.8;49900;24201.2;49645.8;24179;
3390;2;0.0576834;0.0116879;0.0522881;0.0434644;7.6027;0.000112477;7.32102e-06;0.000191734;0.000113503;16.506;4619;0;0;7985;230.45;241.65;231.3;241.75;47843.6;23402.4;47481.1;23356.3;
3400;2;0.0577092;0.0117714;0.052268;0.0434102;7.63186;0.00011119;6.95705e-06;0.000181792;0.000111419;16.1544;4679;0;0;8005;229.6;242.85;230.45;242.85;49952.2;22881.1;49597.7;22881.1;
3410;2;0.0578045;0.0118297;0.0515823;0.0434026;7.5505;0.000106664;7.16595e-06;0.000194268;0.00011506;16.8189;4629;0;0;7911;229.35;241.75;229.95;241.8;51223.3;23921;50969.6;23900;
3420;2;0.05773;0.0117633;0.0513585;0.0437647;7.57315;0.000102565;6.68667e-06;0.000190641;0.000118764;17.7587;4624;0;0;7974;230.65;241.9;231.35;241.9;50332.1;23377.4;50028.8;23377.4;
3430;2;0.0577654;0.0116265;0.0516682;0.0436492;7.62414;0.000102133;6.6093e-06;0.000186417;0.00011504;20.734;4630;0;0;8015;228.65;241.35;229;241.35;47326.4;24217.7;47175.8;24217.7;
3440;2;0.0576214;0.0116876;0.0517159;0.0437401;7.50743;0.000101898;6.69653e-06;0.000193297;0.000115539;15.7243;4629;0;0;7961;230;242;230.8;242.4;48795.2;25849.3;48455.9;25682.6;
3450;2;0.0579712;0.0116153;0.0509459;0.0434562;7.63187;0.000102721;6.61458e-06;0.000197472;0.000120091;16.3414;4639;0;0;8098;231.25;241.85;231.75;241.85;49929.3;23256.3;49709.8;23255.4;
3460;2;0.0581394;0.0115716;0.0513112;0.0431208;7.64197;0.000107694;6.63751e-06;0.000203433;0.000113389;18.2073;4627;0;0;8143;231.3;241.7;231.85;241.7;48476.6;23747.8;48243.5;23747.7;
3470;2;0.0582205;0.011528;0.0509377;0.0430177;7.54408;0.000111547;6.75474e-06;0.00021023;0.000114907;16.7473;4621;0;0;8354;229.2;241.45;229.7;241.45;51301.8;25124.7;51086.1;25123.7;
3480;2;0.0584431;0.0114493;0.0519272;0.0429895;7.61103;0.000112536;6.84139e-06;0.000217168;0.000110205;16.6185;4644;0;0;8493;227.75;242.05;228.35;242.05;44845.8;24033;44597.7;24033;
3490;2;0.0587579;0.0113892;0.0519699;0.0429615;7.69451;0.000110072;6.79467e-06;0.000221219;0.000105493;19.6297;4614;0;0;8194;227.85;241.5;228.4;241.6;47697.9;23493.1;47468;23458.1;
3500;2;0.0587571;0.0114276;0.0521051;0.0430496;7.70547;0.000114888;7.25308e-06;0.000220728;0.000105002;16.9563;4613;0;0;8326;230.25;241.3;230.7;241.3;49693.8;23540.7;49499.3;23539.7;
3510;2;0.0590813;0.0114665;0.0528165;0.0431289;7.64809;0.000115469;7.08473e-06;0.00021648;0.000102328;16.8333;4637;0;0;8096;227.45;241.25;228.2;241.25;48834.6;22611.1;48515.4;22611.1;
3520;2;0.0586591;0.0114442;0.0528246;0.0428341;7.53426;0.000115246;6.8773e-06;0.000216551;0.000105996;16.4326;4632;0;0;7965;230.1;242.5;230.75;242.55;50310.7;24286.6;50030.7;24264.9;
3530;2;0.0584146;0.0114511;0.0530691;0.0429098;7.58595;0.00010894;6.89487e-06;0.00021043;0.000101836;19.0923;4654;0;0;8132;230.1;242.05;230.65;242.1;48687.2;24974.9;48454.7;24953.2;
3540;2;0.0588762;0.0114373;0.0534735;0.0425493;7.69153;0.000110866;6.91353e-06;0.000208483;0.000100468;19.0677;4612;0;0;8300;228.65;240.9;229.4;240.95;49324.8;23170.2;49001.2;23149.9;
3550;2;0.0591333;0.0113765;0.0536516;0.0421597;7.712;0.000116312;7.12192e-06;0.000205074;9.88891e-05;31.3071;4630;0;0;8278;230.5;242.6;231.15;242.75;48419.2;23332;48144.3;23269.8;
3560;2;0.0595984;0.0113189;0.0537527;0.0419704;7.7357;0.000113073;6.70197e-06;0.000207863;9.9117e-05;17.2107;4634;0;0;8367;229;241.95;229.6;241.95;45705.1;23111.3;45447.9;23109.3;
3570;2;0.0597497;0.0113652;0.0539868;0.0420227;7.52541;0.000116318;6.99098e-06;0.000217438;9.95906e-05;16.7008;4617;0;0;8102;228.5;240.95;229.2;240.95;48738.4;25738.8;48437.9;25738.8;
3580;2;0.0599641;0.0113988;0.0536795;0.0417062;7.59297;0.000111683;7.05794e-06;0.000213112;9.94885e-05;17.0857;4647;0;0;8104;229.05;241;229.65;241;49116.5;23808.6;48860.5;23806.5;
3590;2;0.0601195;0.0114121;0.0536646;0.0422681;7.45191;0.000121901;7.75717e-06;0.000210768;9.93546e-05;16.6095;4638;0;0;7973;228.3;241.75;228.75;241.75;49368.7;25892.9;49178.7;25889.6;
3600;2;0.0599893;0.011392;0.0532804;0.0423814;7.61124;0.000123033;7.13309e-06;0.00021318;0.000102581;16.7485;4619;0;0;8300;230.05;241.6;230.85;241.6;50127.5;24034.4;49783.6;24034.4;
3610;2;0.0599582;0.0114048;0.0535945;0.0424854;7.50942;0.000126485;6.7802e-06;0.000194117;0.000107128;17.1795;4605;0;0;7879;231.2;240.9;231.7;240.9;48808.6;25484.8;48590.5;25484.7;
3620;2;0.0595619;0.011349;0.0535301;0.0423427;7.68505;0.000124175;6.91526e-06;0.000195985;0.000108531;30.56;4604;0;0;8179;228.7;242.1;229.2;242.1;44234.7;24878.3;44020.7;24876.6;
3630;2;0.0590091;0.0113;0.0537785;0.042466;7.5622;0.000123419;6.56528e-06;0.00018293;0.00011228;46.5487;4629;0;0;7835;230.05;242.4;230.5;242.4;50300.5;25449.5;50107.4;25449.4;
3640;2;0.0593556;0.011328;0.0539176;0.0424471;7.7406;0.000127193;6.56682e-06;0.000174508;0.000108362;71.1971;4639;0;0;8121;229.9;242.1;230.8;242.25;49102.4;24510;48714.2;24452.5;
3650;2;0.0594248;0.0112671;0.0541543;0.0424778;7.90026;0.000127904;6.97856e-06;0.000167686;0.000104098;121.357;4606;0;0;8445;229.65;240.6;230.05;240.65;47976;22973.5;47804.3;22951.2;
3660;2;0.059491;0.0112421;0.0541146;0.0426854;7.90001;0.000124716;6.67902e-06;0.000171092;0.000102908;187.281;4639;0;0;8083;227.85;241.35;228.5;241.35;47612.3;23377;47338.1;23377;
3670;2;0.0591319;0.0112113;0.0542259;0.0422939;7.56688;0.00012073;6.83096e-06;0.000175249;0.00010531;17.5318;4664;0;0;7931;229.75;241.95;230.45;241.95;50779;23510.4;50482.2;23510.4;
3680;2;0.0589727;0.0112131;0.0542601;0.0418933;7.60457;0.000117163;6.68463e-06;0.000172804;0.000105508;20.183;4600;0;0;8204;229.5;241.15;230.2;241.15;49132.1;23479.3;48835.5;23476.3;
3690;2;0.0588486;0.0112;0.0544126;0.0420805;7.65237;0.000118446;7.11975e-06;0.000171469;0.000106139;34.5302;4639;0;0;8435;228.85;241.85;229.5;241.85;46941;24908.9;46657.9;24908.8;
3700;2;0.0590876;0.0112173;0.0542941;0.0420587;7.63786;0.000124369;7.22375e-06;0.000169267;0.000102317;20.5442;4626;0;0;8351;230.3;242.5;231.1;242.65;45547.8;24300.4;45206;24240.2;
3710;2;0.0592787;0.0112405;0.0545835;0.0424788;7.68153;0.000127138;6.86425e-06;0.000178403;0.000105562;21.9451;4606;0;0;8404;230.35;240.35;231;240.35;49630.3;23215.9;49348.2;23215.8;
3720;2;0.0594205;0.0112897;0.0543679;0.0428079;7.66934;0.000119934;6.69906e-06;0.000181386;9.98073e-05;17.421;4617;0;0;8084;229.75;241.1;230.3;241.15;49448.8;23397.5;49211.5;23377.3;
3730;2;0.0589205;0.0113016;0.0538767;0.042936;7.50336;0.000117092;6.2526e-06;0.000179658;9.85181e-05;16.4891;4595;0;0;7452;226.65;240.4;227.3;240.4;46992.3;23745.5;46714.7;23745.5;
3740;2;0.0588936;0.0113377;0.0539217;0.0431228;7.67603;0.000124673;6.52281e-06;0.000188781;9.93192e-05;17.4648;4667;0;0;8205;229.95;242.3;230.55;242.3;48117.6;22770.8;47859.1;22770.8;
3750;2;0.0585216;0.0113302;0.0541009;0.0432422;7.66886;0.000120394;7.00307e-06;0.000194412;9.94905e-05;26.6479;4628;0;0;8257;228.8;242;229.2;242;46575.3;23928.8;46401.7;23928.8;
3760;2;0.0581854;0.0113934;0.0543532;0.0433122;7.72108;0.000122085;7.25195e-06;0.000187861;9.82064e-05;23.4276;4640;0;0;8076;228.55;241.65;229.15;241.65;47590.7;22455.2;47342.1;22455.2;
3770;2;0.0578485;0.011474;0.0543438;0.0434107;7.74608;0.000124554;7.97508e-06;0.000194391;9.5181e-05;45.2907;4686;0;0;8205;227.55;242.35;228.1;242.85;48956.2;24095.6;48723.5;23960.5;
3780;2;0.0578413;0.0115042;0.0542356;0.0433105;7.71666;0.000124433;7.90339e-06;0.000201344;9.34051e-05;60.1373;4586;0;0;8469;228.95;240.7;230.35;240.8;46613.6;24912.4;46565.1;24907.8;
3790;2;0.0582793;0.0113747;0.0542672;0.0435245;7.83968;0.000124673;7.89027e-06;0.000207655;9.1157e-05;86.9619;4634;0;0;8194;231.25;241.6;231.9;241.6;50268.2;22393.8;49983.5;22387.8;
3800;2;0.0582889;0.0112841;0.0538512;0.0439214;7.87842;0.000118746;7.8865e-06;0.000199434;8.94117e-05;129.62;4651;0;0;8284;227.7;241.6;228.1;241.6;45130.7;23118.3;44964;23117.2;
3810;2;0.0579782;0.0113715;0.0536839;0.0444233;7.55241;0.000114772;7.31101e-06;0.000200016;9.02455e-05;16.5936;4608;0;0;8306;231.1;241.65;231.6;241.65;50964.6;25889.6;50748.2;25888.5;
3820;2;0.0580781;0.0114245;0.0534036;0.0444685;7.66976;0.000114429;7.16455e-06;0.000202913;9.28091e-05;17.6213;4649;0;0;8000;229.7;241.85;230.25;241.9;49426.3;22585.2;49192.2;22567;
3830;2;0.0583749;0.0115124;0.053208;0.0443043;7.69482;0.000115652;7.89138e-06;0.000207226;9.94278e-05;19.1936;4614;0;0;8253;228.95;240.55;229.6;240.55;50657.5;23223;50385.1;23222;
3840;2;0.0582904;0.0114511;0.0526788;0.0444141;7.58059;0.000113957;8.0451e-06;0.000197717;0.000100476;17.7496;4636;0;0;8114;229.15;241.7;230.05;241.7;48325;24109.9;47938;24109.9;
3850;2;0.0584758;0.0113407;0.0528322;0.0446463;7.66824;0.000115089;7.72064e-06;0.000196591;9.95901e-05;26.7874;4620;0;0;8352;228.05;240.85;228.65;240.85;47511.2;24589.9;47254.5;24589.7;
3860;2;0.0583612;0.0113535;0.0525645;0.0447796;7.73375;0.000117279;7.97471e-06;0.000215661;9.60791e-05;53.6032;4667;0;0;7924;230.7;241.8;231.2;241.8;47213;23258;46999.4;23256;
3870;2;0.0587037;0.011415;0.052384;0.044891;7.78182;0.000114389;8.22926e-06;0.00021078;9.5723e-05;45.4873;4637;0;0;8627;229.55;241.5;230.05;241.55;47702.6;24635;47484.9;24612.8;
3880;2;0.0582902;0.0114182;0.0527174;0.0446133;7.84267;0.000115675;8.36973e-06;0.000220707;9.12495e-05;72.7421;4626;0;0;8092;229.9;240.9;230.2;240.9;48496;21287.2;48369.9;21285.1;
3890;2;0.0579382;0.011397;0.0527554;0.0446125;7.86869;0.000112246;7.52199e-06;0.000224854;9.24165e-05;111.106;4630;0;0;8254;229.25;240.7;229.9;240.7;45934.5;21945.3;45652.6;21944.3;
3900;2;0.0586683;0.0113374;0.0521187;0.0450142;7.61309;0.000109731;7.26888e-06;0.000222949;9.19073e-05;20.2025;4650;0;0;7732;228;241.4;228.55;241.4;47111.9;23395.9;46881.3;23394.8;
3910;2;0.0585749;0.0113296;0.0521749;0.0447423;7.76117;0.000110752;7.02891e-06;0.000212675;9.47776e-05;40.4574;4632;0;0;8209;229.7;241.3;230.2;241.3;49867.4;23504.2;49655.3;23504.2;
3920;2;0.0583688;0.0114023;0.0524791;0.0445635;7.82287;0.00011509;6.82682e-06;0.000213924;9.57928e-05;41.5402;4642;0;0;8575;229.5;241.55;230.2;241.6;50016.1;22603.5;49717.4;22584.7;
3930;2;0.0585455;0.0113803;0.0525713;0.0450351;7.58903;0.000111686;6.90938e-06;0.000197983;9.34435e-05;16.6844;4614;0;0;8206;229.1;241.05;229.45;241.05;48011.6;24013;47864.9;24013;
3940;2;0.0586025;0.0113626;0.0532173;0.0451944;7.5954;0.000118705;6.92582e-06;0.000203992;9.44148e-05;16.7732;4612;0;0;8389;229.35;241.4;229.8;241.4;47571.9;24733.3;47375.4;24733.3;
3950;2;0.0588261;0.0113697;0.0529792;0.0454756;7.52112;0.000118522;7.16147e-06;0.000204613;9.44125e-05;17.1703;4626;0;0;8065;230.15;241.65;230.55;241.65;49215.6;24521;49045.3;24520.9;
3960;2;0.0586261;0.0112859;0.0535551;0.0461042;7.59061;0.000120325;7.09076e-06;0.000204492;9.18317e-05;17.2512;4626;0;0;8100;229.75;241.35;230;241.4;52086.3;23455;51979.5;23434.3;
3970;2;0.0583769;0.0112705;0.0537852;0.0464931;7.64541;0.000123714;7.28817e-06;0.000204005;9.22999e-05;17.6189;4601;0;0;8132;228.15;239.9;228.7;239.9;45367.6;22729.2;45132.3;22729.2;
3980;2;0.0594414;0.0112303;0.0536953;0.0467861;7.66224;0.000125641;7.78411e-06;0.000204495;9.22111e-05;17.7715;4632;0;0;8252;230.65;241.7;231;241.7;47180.8;23228.2;47033.7;23227.2;
3990;2;0.0593742;0.0111304;0.0537536;0.0463222;7.6736;0.000119562;8.1577e-06;0.000206289;8.92072e-05;32.2588;4626;0;0;8218;227.55;241.8;228.1;241.8;46877.3;24476.9;46648.1;24476.9;
4000;2;0.0592223;0.0112262;0.0533641;0.0461632;7.78435;0.000122484;7.65152e-06;0.000201875;9.00118e-05;52.9036;4604;0;0;8221;227.8;240.35;228.5;240.35;46412.4;22774.3;46115.9;22774.3;
4010;2;0.059503;0.0112648;0.0533128;0.0463041;7.7283;0.000127184;8.14875e-06;0.000191244;9.16063e-05;17.8975;4642;0;0;8711;229.05;242.1;229.35;242.1;47461.2;23968.1;47334.2;23968.1;
4020;2;0.0591929;0.011205;0.0533992;0.0466411;7.62421;0.000124238;7.98328e-06;0.000189405;9.57649e-05;17.5857;4633;0;0;8271;228.3;240.8;228.65;240.8;48034;23379.5;47886.3;23379.3;
4030;2;0.0589839;0.011206;0.0532841;0.0468447;7.65168;0.000122505;8.17451e-06;0.000185596;9.69257e-05;17.4073;4611;0;0;8389;230.05;240.85;230.45;240.85;48107.9;23759.9;47937.5;23757.8;
4040;2;0.0593307;0.0112589;0.0533956;0.0471661;7.61225;0.000122998;8.37291e-06;0.000187132;9.35357e-05;19.8426;4600;0;0;8385;228.75;241;229.3;241;50404.3;24348.1;50173.7;24342.8;
4050;2;0.059691;0.0113021;0.0534045;0.0472798;7.57908;0.000122952;7.91257e-06;0.000193394;9.50975e-05;17.2385;4619;0;0;8034;227.95;241.9;228.6;241.95;46544.9;23539.9;46263.5;23520.3;
4060;2;0.0596431;0.0113454;0.0535659;0.0476156;7.60747;0.000126562;8.0306e-06;0.000188881;9.5416e-05;17.5627;4625;0;0;8326;229.4;241.25;229.8;241.25;49606.6;24057.4;49433.4;24056.4;
4070;2;0.059458;0.0113419;0.0539508;0.0472389;7.714;0.000126951;8.05529e-06;0.000184138;9.56815e-05;18.4462;4626;0;0;8435;230.15;242.2;230.5;242.2;47732.5;23318.7;47579.9;23317.7;
4080;2;0.0592271;0.0113056;0.0538784;0.0474131;7.73751;0.000123819;8.22139e-06;0.000192711;9.69446e-05;34.9715;4623;0;0;8365;228.15;242.25;228.45;242.25;46884.8;24221.2;46757.2;24221.2;
4090;2;0.0595952;0.0113272;0.0541412;0.0477814;7.72016;0.00012509;8.16275e-06;0.000202417;9.72692e-05;70.0749;4642;0;0;7939;229.35;240.95;229.8;240.95;48812.9;24016;48625.9;24016;
4100;2;0.0596045;0.0113723;0.0541375;0.0481051;7.65058;0.00012127;7.89289e-06;0.00021001;9.57976e-05;18.6182;4614;0;0;8157;227.75;241.55;228.35;241.55;49538.9;24164.4;49278;24164.4;
4110;2;0.059285;0.0113632;0.0537832;0.0480783;7.79566;0.000124871;7.59533e-06;0.000210855;9.6536e-05;32.782;4630;0;0;8202;229.9;241.35;230.25;241.35;48310.8;23134.5;48155.4;23134.5;
4120;2;0.060031;0.0113991;0.0541851;0.0483641;7.75529;0.000125995;7.42715e-06;0.000210632;9.80367e-05;49.4185;4651;0;0;8000;228.2;241.9;228.9;241.9;47692.3;23995.1;47382.8;23995.1;
4130;2;0.060634;0.0115344;0.0537086;0.0479702;7.48235;0.000127994;7.70139e-06;0.000219268;9.33258e-05;31.9229;4616;0;0;8162;228.65;242.05;229.15;242.1;49122.6;26797.6;48908.3;26776.4;
4140;2;0.0605946;0.0115123;0.0534516;0.0480756;7.52848;0.000122303;7.47226e-06;0.000223264;9.34846e-05;16.4399;4644;0;0;7991;229.2;242.55;229.5;242.55;47141.1;24687.9;47011.2;24687.9;
4150;2;0.0601564;0.0116483;0.0530269;0.0477706;7.48418;0.000121391;7.526e-06;0.000225041;9.32141e-05;16.3211;4669;0;0;7943;230.7;243.05;231;243.05;51059.7;24760.9;50927.8;24760.9;
4160;2;0.0601167;0.0117088;0.0531987;0.0477649;7.47224;0.000117698;7.45911e-06;0.000232355;9.10365e-05;17.7959;4641;0;0;7691;230.85;243.35;231.3;243.35;52445.8;25868.2;52247.3;25868.2;
4170;2;0.0606567;0.0117867;0.0527795;0.0476457;7.56598;0.000115901;8.12042e-06;0.000231873;8.84546e-05;16.2098;4650;0;0;8170;231.2;242.3;231.65;242.3;51436.5;24564.8;51240.5;24564.8;
4180;2;0.0604849;0.0117003;0.0524821;0.0478056;7.48563;0.000111672;8.30466e-06;0.00022926;8.65485e-05;24.0025;4616;0;0;7997;230.25;242.5;230.55;242.5;51535;25503.1;51404.8;25503.1;
4190;2;0.0605346;0.0116789;0.0524744;0.0477264;7.45773;0.000110327;7.79238e-06;0.000221208;9.15111e-05;16.1001;4634;0;0;7878;229.9;242.15;230.8;242.2;51113.8;26206.9;50721;26185.4;
4200;2;0.0602304;0.0117185;0.0517452;0.0476261;7.44162;0.000109438;7.72377e-06;0.000222517;9.12132e-05;16.2408;4652;0;0;7914;231.25;242.45;231.75;242.45;51437.1;25987.3;51219.3;25987.3;
4210;2;0.0602748;0.0116952;0.0521377;0.0472863;7.44622;0.000109024;7.58988e-06;0.000208464;8.9397e-05;17.4867;4641;0;0;7742;228.45;242.1;229.05;242.1;51144.6;25511.9;50881.6;25511.9;
4220;2;0.0600641;0.0118701;0.0522862;0.0476301;7.58277;0.000114801;7.76715e-06;0.000221769;8.90988e-05;25.7855;4647;0;0;7839;229.8;243.1;230.25;243.1;50214.3;24282.5;50022;24282.5;
4230;2;0.0599118;0.0118611;0.0526368;0.04751;7.57376;0.000120078;7.83642e-06;0.000210004;8.60117e-05;16.0059;4630;0;0;7834;231.8;242.75;232.15;242.75;52895.3;23556.5;52741.4;23556.5;
4240;2;0.0599288;0.0117897;0.0524823;0.047144;7.46851;0.000118202;7.83967e-06;0.000212486;9.05876e-05;15.9301;4620;0;0;7890;230.25;242.45;230.85;242.45;52843.8;25463.7;52580.8;25463.7;
4250;2;0.0603889;0.0116506;0.0522404;0.0476195;7.57351;0.00012358;7.30447e-06;0.00020494;8.9588e-05;16.3917;4591;0;0;8134;230.75;241.8;231.1;241.8;50333.2;23487.7;50179.3;23487.7;
4260;2;0.0605619;0.0116167;0.0523269;0.0475457;7.51436;0.000126623;6.87837e-06;0.00019801;9.31868e-05;17;4625;0;0;8073;231.4;241.2;232.05;241.2;51707.2;25479.3;51421.6;25477.2;
4270;2;0.0603159;0.0116345;0.0529376;0.0476898;7.53775;0.000131853;7.03706e-06;0.000205728;9.09993e-05;17.345;4622;0;0;7965;230.2;241.4;230.45;241.4;48916.1;25317.3;48809.5;25317.3;
4280;2;0.0606233;0.0115984;0.0538191;0.0479123;7.46837;0.000126397;7.09804e-06;0.000204071;9.74351e-05;18.7712;4644;0;0;7993;230.65;242.35;230.95;242.35;49233.9;26210.2;49107.4;26210.2;
4290;2;0.0605716;0.0115798;0.0538208;0.0476545;7.461;0.000118983;7.29304e-06;0.000200292;0.000100667;30.3023;4650;0;0;7968;230.8;243.4;231.35;243.4;51879.2;26254.7;51641.5;26254.7;
4300;2;0.0604806;0.0116647;0.0538575;0.0480318;7.54373;0.000120045;7.4138e-06;0.000193963;0.000100285;22.4586;4638;0;0;7927;230.8;242.85;231.15;242.85;49732.3;24963.3;49580.9;24963.3;
4310;2;0.060546;0.0115615;0.0539353;0.0483424;7.7258;0.00011656;7.34917e-06;0.00019948;9.97355e-05;39.9444;4641;0;0;8449;229.45;242.25;229.75;242.3;49152.1;24392.1;49025;24371.7;
4320;2;0.0604907;0.0115686;0.0534652;0.0483151;7.62997;0.000120919;7.34713e-06;0.000197424;0.000101024;66.1866;4619;0;0;7902;230.65;242.6;231;242.6;49584.8;24404.5;49430.7;24404.5;
4330;2;0.0607576;0.0115278;0.0532413;0.0483745;7.55644;0.000119891;7.26677e-06;0.000208404;0.000107468;16.5913;4619;0;0;8226;230.85;241.15;231.35;241.15;52611.4;25562.2;52391.9;25562.2;
4340;2;0.0605733;0.0115397;0.0536879;0.0486126;7.41065;0.000117272;7.09947e-06;0.000210488;0.000106846;16.8575;4649;0;0;7610;228.65;242.2;229.1;242.25;49376.4;25450;49180.7;25429.8;
4350;2;0.060619;0.0114646;0.0537884;0.0485748;7.58697;0.000122307;7.28037e-06;0.000208847;0.000113478;16.8837;4669;0;0;8443;230.5;242.75;230.65;242.75;45935.6;24730;45869.8;24729;
4360;2;0.0603923;0.0114973;0.0542324;0.0489563;7.45863;0.000122829;7.42195e-06;0.000214072;0.000115438;16.484;4620;0;0;8156;228.65;241.8;229;241.8;49718.1;25983.8;49570.4;25983.7;
4370;2;0.0603534;0.0114352;0.0542152;0.0488956;7.50753;0.000128111;7.25676e-06;0.000221587;0.000112118;17.3298;4649;0;0;8002;229.3;242.45;229.45;242.45;51320.1;25732.2;51256.2;25731.2;
4380;2;0.0606067;0.0114658;0.0542853;0.0487402;7.5158;0.000127778;7.4861e-06;0.000229267;0.000110268;21.9602;4628;0;0;7664;228.4;241.85;228.85;241.85;49552.7;25779.1;49355.3;25779.1;
4390;2;0.0606314;0.0115504;0.054484;0.0492526;7.58389;0.000135134;7.12587e-06;0.000229497;0.000110595;30.6235;4665;0;0;8089;232.35;242.95;232.55;242.95;51729.1;24728.3;51641.2;24727.2;
4400;2;0.0602985;0.0114768;0.0543664;0.0490807;7.64428;0.000133726;6.75802e-06;0.000219751;0.000113921;53.679;4625;0;0;8187;231.05;242.05;231.65;242.05;53636.9;24640.2;53378.9;24640.2;
4410;2;0.0599967;0.0114251;0.0539818;0.0491291;7.57161;0.000128234;7.25792e-06;0.000212907;0.000109524;17.033;4634;0;0;8303;231.35;242.2;231.65;242.2;51238.7;24445.1;51104.2;24445.1;
4420;2;0.060129;0.011323;0.0537616;0.0490478;7.66238;0.000133533;6.66598e-06;0.000211677;0.0001083;21.7394;4657;0;0;8443;230.2;241.8;230.6;241.8;48244;24349.7;48071.8;24349.7;
4430;2;0.0599457;0.0114412;0.0533658;0.0487726;7.59605;0.000134398;6.31095e-06;0.00020132;0.000108497;21.2025;4662;0;0;8240;228.6;241.45;228.9;241.45;48059.2;24119.8;47928.6;24119.8;
4440;2;0.0598123;0.0114136;0.0530263;0.0487031;7.54598;0.00013084;6.66356e-06;0.000203034;0.000103493;35.5892;4633;0;0;8052;230.35;241.35;230.55;241.4;48411.5;25210;48327.8;25189.1;
4450;2;0.060013;0.0114689;0.0527809;0.0488989;7.61374;0.000128173;7.30397e-06;0.000201338;0.000102766;17.5274;4660;0;0;8141;229.95;242.35;230.2;242.4;46559.1;24080.2;46448.9;24059.8;
4460;2;0.0594391;0.0114646;0.0527066;0.048853;7.55106;0.000135857;7.10041e-06;0.000183941;0.000101266;17.5197;4631;0;0;7926;230.2;242.65;230.65;242.7;49077.2;23484.2;48883.1;23463.9;
4470;2;0.0600161;0.011388;0.0529646;0.0490031;7.69603;0.00013518;7.24419e-06;0.00018539;9.82088e-05;24.4919;4626;0;0;8295;231.05;241.85;231.4;241.85;49533.4;23574.9;49381.6;23574.9;
4480;2;0.0599377;0.0114086;0.0534324;0.0486287;7.57669;0.000135418;6.58554e-06;0.000187729;0.000100565;16.3555;4593;0;0;8354;229.35;241.1;229.9;241.1;50471.6;24573.9;50236;24572.8;
4490;2;0.0603102;0.0114378;0.0533679;0.0485201;7.4691;0.000122697;6.23736e-06;0.000185432;0.000104153;16.4228;4656;0;0;8070;229.65;243.25;230.1;243.25;48655.7;26074.7;48463.9;26074.7;
4500;2;0.0603035;0.0114545;0.053388;0.0483467;7.59281;0.000127329;6.42171e-06;0.000183639;9.7192e-05;17.0623;4622;0;0;7908;229.9;241.75;230.2;241.75;50161.4;23594.6;50032.7;23594.6;
4510;2;0.0600394;0.0115476;0.0537683;0.0482442;7.5136;0.000124789;6.6137e-06;0.00018682;0.000102771;17.0558;4627;0;0;7909;227.65;241.8;227.95;241.8;47318.1;25291.7;47190.6;25291.7;
4520;2;0.0599981;0.0115727;0.0538174;0.0481331;7.61309;0.000125471;7.02898e-06;0.000181102;0.000100238;20.0292;4658;0;0;7794;229.15;243.05;229.75;243.05;49972.2;23680.7;49715.4;23679.6;
4530;2;0.0599995;0.0115428;0.0540034;0.0484509;7.65784;0.000134458;6.93758e-06;0.000178491;0.000101273;36.858;4656;0;0;8041;229.95;242.15;230.25;242.15;52413.9;24363.6;52288.6;24363.6;
4540;2;0.0599558;0.011556;0.0539933;0.0484232;7.73795;0.000128561;7.22596e-06;0.000174938;0.000102293;61.2146;4649;0;0;8031;229.1;241.9;229.45;241.9;49452.1;23888.8;49298.7;23888.7;
4550;2;0.0600994;0.0115027;0.0542545;0.0482987;7.62023;0.000129166;7.04195e-06;0.000175013;9.69528e-05;79.0324;4623;0;0;7971;231.1;241.4;231.6;241.4;50895.7;24688.9;50673.8;24688.9;
4560;2;0.0603916;0.0114858;0.0540304;0.0480456;7.53639;0.000122612;7.42424e-06;0.000172723;9.56614e-05;16.9173;4633;0;0;8050;231.25;242.1;231.6;242.1;51303.6;24620.2;51151.1;24618;
4570;2;0.0605645;0.0115778;0.0542009;0.0482141;7.54168;0.000122374;7.44623e-06;0.000173037;9.2179e-05;16.8933;4636;0;0;8301;229.25;241.65;229.85;241.65;48250.1;25829.8;47991;25829.8;
4580;2;0.0607675;0.0116594;0.0540538;0.0485502;7.57629;0.000119104;7.24609e-06;0.000173392;9.38185e-05;16.5745;4651;0;0;8190;230.25;243;230.5;243;53126.8;24690.1;53020.6;24690;
4590;2;0.0605627;0.0115659;0.0535533;0.048196;7.56332;0.000121236;6.96713e-06;0.00017934;9.28311e-05;16.271;4657;0;0;8186;230.2;242.65;230.55;242.65;51104.8;24543.2;50946.6;24543.2;
4600;2;0.0608455;0.0114367;0.0537497;0.0485429;7.61424;0.00011639;6.70264e-06;0.000178567;8.73513e-05;20.1584;4627;0;0;8181;229.5;242.05;230.05;242.05;50443.9;24372.4;50205.1;24371.3;
4610;2;0.0606967;0.0115218;0.0536699;0.0488733;7.51916;0.000118869;6.98901e-06;0.000175095;8.86993e-05;16.7533;4615;0;0;7987;228.55;241.7;228.9;241.7;49736.8;24254;49585.7;24254;
4620;2;0.0607321;0.0115729;0.0539711;0.0488243;7.4992;0.000115012;6.84539e-06;0.000175152;8.88861e-05;18.0201;4639;0;0;7810;231.05;243.1;231.6;243.1;51113.9;25001.4;50876.1;25001.4;
4630;2;0.0611167;0.0115471;0.0539657;0.049042;7.51088;0.000113005;6.56849e-06;0.000171042;9.06627e-05;29.5488;4657;0;0;7971;229.4;242.6;229.7;242.6;50493.5;26251.4;50366.2;26251.4;
4640;2;0.0612491;0.011464;0.0540228;0.0491154;7.54932;0.00011573;6.48465e-06;0.000180426;9.3709e-05;22.1529;4662;0;0;7986;230.1;242.7;230.45;242.7;49280.9;25037.4;49128.8;25037.4;
4650;2;0.061271;0.0115057;0.0542296;0.0491351;7.54513;0.000114027;6.20797e-06;0.000177426;9.75359e-05;37.556;4646;0;0;7929;231.2;242.75;231.6;242.75;54657;25576.2;54483.4;25576.2;
4660;2;0.0613148;0.0115851;0.0544371;0.049252;7.54646;0.000114462;6.73759e-06;0.000176434;0.000100288;63.4419;4644;0;0;8091;231.95;242.6;232.25;242.6;49526.8;26898.8;49392.5;26898.8;
4670;2;0.0612319;0.0114906;0.0547418;0.0489125;7.68425;0.000115135;7.24704e-06;0.000184717;0.000103778;98.7709;4633;0;0;8171;231.2;242.05;231.5;242.1;50532.2;25181.9;50401.4;25160.5;
4680;2;0.061326;0.0115575;0.0548344;0.0493313;7.51309;0.000114912;7.29168e-06;0.000186761;0.000102952;16.8994;4632;0;0;8329;229.25;243;229.45;243;48154.3;25603.1;48066.1;25603.1;
4690;2;0.0613341;0.0115151;0.054907;0.0494569;7.6142;0.000113439;7.05025e-06;0.000188153;0.000105585;24.1605;4637;0;0;8104;231.25;242.2;231.45;242.2;49329.3;25324.8;49241.1;25323.8;
4700;2;0.0613629;0.0114605;0.0552154;0.0496643;7.63151;0.000120109;7.11293e-06;0.000189501;0.000102903;45.6728;4650;0;0;7953;228.5;241.15;229.1;241.15;48609.1;25528.2;48353.9;25528.2;
4710;2;0.0617658;0.0114499;0.0550604;0.0496036;7.56175;0.000112982;6.34982e-06;0.000196529;9.9861e-05;16.3349;4668;0;0;7935;229.85;243.15;230.1;243.15;50244;24380;50136;24380;
4720;2;0.061737;0.0112908;0.055838;0.0490897;7.59992;0.000108954;6.53883e-06;0.000196213;0.000102062;19.1358;4633;0;0;8344;230.8;242.55;231;242.55;51522;25097.5;51434.4;25097.5;
4730;2;0.0616429;0.0113105;0.0556792;0.0490536;7.5452;0.000106638;6.08457e-06;0.00019528;9.96955e-05;31.3377;4663;0;0;8470;229.6;242.9;229.75;242.9;47657.5;27330.4;47593.4;27330.4;
4740;2;0.0615383;0.0112393;0.0555524;0.0490672;7.72563;0.000107893;6.12621e-06;0.000202232;9.77528e-05;52.6143;4616;0;0;8156;228.95;241.05;229.5;241.05;46292.9;22871.5;46058.2;22871.5;
4750;2;0.0616442;0.0112464;0.0555579;0.0491743;7.45016;0.000111426;6.32731e-06;0.000203872;9.65315e-05;16.7064;4665;0;0;7692;229.25;242.95;229.65;242.95;50510.4;25107.3;50336.2;25107.3;
4760;2;0.0615776;0.0112318;0.0553978;0.048932;7.43139;0.000114222;5.99026e-06;0.000200303;9.79987e-05;16.6407;4650;0;0;7463;228.7;241.9;229.45;241.9;50467;24552.7;50143.8;24552.7;
4770;2;0.0614643;0.0111987;0.0552787;0.0490365;7.57776;0.00011341;6.03027e-06;0.000204228;9.80256e-05;17.9982;4658;0;0;8372;230.35;242.4;230.55;242.4;51410;25230.6;51323.5;25230.6;
4780;2;0.061212;0.0111526;0.0559901;0.0485618;7.67925;0.000114018;6.32141e-06;0.000192166;9.93242e-05;19.8918;4606;0;0;8178;229.95;240.7;230.4;240.7;45703.9;22720.3;45513.4;22720.3;
4790;2;0.0616602;0.0111284;0.0560942;0.0487678;7.58664;0.000113771;6.4905e-06;0.000186221;0.00010207;32.4701;4653;0;0;8082;229.4;241.7;229.75;241.7;48372.5;25772.7;48225.2;25772.7;
4800;2;0.0615835;0.011113;0.0562073;0.0485772;7.7396;0.000117461;6.82595e-06;0.000183242;9.96185e-05;63.6546;4645;0;0;8015;227.75;242.05;228.35;242.05;51217.2;24838.4;50958.2;24838.4;
4810;2;0.0613194;0.0111179;0.0561832;0.0487966;7.77881;0.000112705;6.20823e-06;0.00018418;0.000100987;99.8311;4610;0;0;8390;228.55;240.85;229.05;240.85;48330.2;25655.1;48116.4;25655.1;
4820;2;0.0611149;0.0111405;0.0562349;0.0486471;7.74139;0.00011496;6.54006e-06;0.000193338;0.000104281;32.5245;4638;0;0;8614;228;242.75;228.15;242.75;44509.6;24386.5;44446.8;24386.5;
4830;2;0.0611939;0.0110457;0.0559531;0.0490114;7.72274;0.00011732;6.56923e-06;0.00019099;0.000109994;25.5936;4635;0;0;8213;229.1;240.75;230.25;240.8;47852.5;24011.7;47379.2;23992.5;
